1000
1.927499050994856e-11
2.268846069122029e-76
2.9833066803949494e-46
1.46126593526842e-09
0.03669175760461412
0.0007825448383916886
3.329578941492797e-58
4.768176101886793e-15
7.798707550083314e-53
1.5458413428055237e-33
4.7727121725288137e-32
6.239589064510501e-35
1.268698976539382e-09
4.952001724222606e-11
0.11948668721265093
1.4421432563307843e-43
2.80868057780837e-72
6.844394989900972e-20
0.00014803679872259063
6.26889279155455e-23
9.360209744479332e-10
4.859449245242866e-24
1.2862784404249055e-17
2.8377016732233354e-66
0.01641994644571313
9.965003436159418e-40
1.4778328552040901e-22
9.849519740077208e-38
5.719553433826495e-11
5.684665938861267e-13
3.966276935187145e-56
0.00038030913889960683
3.839217475115859e-43
6.008644558493387e-09
1.9403383551951783e-84
0.0015180134559935866
5.86880259184437e-61
1.7446249596813606e-33
2.7841193512707473e-33
3.87974994995431e-10
4.5870463013535455e-37
6.2405053204362565e-37
3.5269184885527865e-07
1.3627864340651894e-92
7.649744600630218e-13
1.6474725037727763e-70
6.610000147969784e-26
3.1039745709904765e-28
5.61943290465214e-14
1.5094029078088088e-33
1.8077964331407596e-19
1.5600625672490194e-14
4.554861084925372e-21
1.1203552878350493e-45
4.309184788354093e-09
6.950760073382679e-27
0.014752690345071491
1.2619307385181186e-26
1.631776044624483e-24
7.677938681587064e-74
0.0297074723387056
0.0028181073429043107
2.2543254793875957e-05
5.508318192271456e-33
6.499543245097217e-50
8.617708686282879e-16
5.166656754166026e-09
3.6730919484869924e-89
3.5211543206433015e-25
1.8308985224434442e-14
4.2283705275974966e-08
8.355900097941544e-16
1.444177994563774e-07
6.579606817538146e-23
4.6152943972084856e-10
1.4790328780539643e-19
7.491991270594134e-24
1.5146439324671128e-06
1.1045597241597178e-11
8.190038555096205e-17
4.738558589579963e-12
0.0011735468550863608
3.871515212283314e-05
1.3136442588403018e-65
5.189663099217116e-21
1.962952707852915e-06
1.5894375972788675e-14
8.085349093514821e-32
3.333412617307961e-11
7.023643449141262e-14
4.1898862434718264e-58
1.1346109365090895e-18
4.754145983013215e-16
9.747072757174044e-24
3.017064491426547e-13
1.5066917704823878e-32
1.0517002398424822e-37
4.10722323785513e-34
3.059697035824945e-18
7.991971143207202e-05
1.514147441219128e-80
2.6084350154648944e-06
2.3994770526324315e-21
0.015163745170539566
1.8748508264533996e-10
1.82216582415291e-31
6.002018632404404e-25
2.249303621718823e-17
1.2765554341906745e-70
2.8690989997976564e-09
4.122182067496753e-14
0.00135195066350521
2.0425341818915875e-10
1.540128065023879e-10
3.551330259214258e-05
4.782042844847881e-11
1.5474572677719088e-11
1.3648618687214965e-43
3.955857468050851e-24
8.076050212521043e-37
0.000274313996514139
6.433293055123194e-27
1.6214582214180376e-37
9.629245300057293e-14
2.519305080651054e-22
7.87101611300847e-29
3.692701002294546e-77
7.53331799170697e-16
1.7758202348041584e-30
2.4952042255128537e-38
0.00025397168755098785
8.565679308781006e-22
1.5207754438005335e-06
1.9445765618618035e-09
3.9823521758223994e-08
2.64856260853498e-10
3.8444314048272264e-75
5.104963186525001e-16
6.518580973250227e-10
7.342372633595682e-60
3.2763253672147637e-07
9.598938220364539e-11
6.737661487851251e-14
1.1589715755828495e-95
2.6946760419138023e-84
1.094631995694766e-05
1.4702458241819343e-10
8.930706359085556e-13
1.4867992170351448e-08
1
2.615999914961147e-22
2.705492109845726e-11
1.508416083336611e-12
1.0283435989951563e-19
3.3134338309727113e-28
2.1625107215371998e-37
5.266947298741612e-16
4.3173362518898334e-29
5.405261202849442e-13
5.248717758311645e-19
3.210971812650928e-23
0.0007274868926817902
4.067288923705048e-35
0.000615404676609182
2.4393229429071984e-22
5.891517626347165e-38
9.357710622795268e-26
7.255936068382579e-25
0.0013237942453915483
5.4220717539811394e-49
3.7690180790086935e-44
1.8493077625077976e-17
2.5221697954687642e-26
2.29095230136784e-34
9.289975898290279e-25
9.758423299418448e-08
0.0003344440442684099
2.6608188092045163e-25
3.519333270612627e-80
3.477908575120816e-18
1.0900415292034777e-37
1.865909173198497e-27
6.272680926420303e-07
2.8553041899528994e-11
1.0960142550779193e-05
1.9958217955839727e-34
4.70072454450647e-15
2.8440379840615747e-05
3.5125649263962854e-14
1.4672153365970589e-08
1.7869271011993342e-05
2.1690710015031925e-09
9.127128074755967e-08
1.7361657590418547e-09
2.6170032180758807e-06
8.243488393750556e-08
5.433002681929786e-60
2.636877426661966e-34
2.552932943692224e-23
0.00011937471017025222
0.0023897649239546306
1.6581555099748398e-58
3.8847405168673566e-08
1.6713531614485186e-11
0.0005769845204001311
1.4240068225105071e-18
1.2121623999206324e-07
0.012731773859445258
2.7191397802593816e-17
2.039923466170561e-54
5.871047509042246e-74
1.2702521852608023e-11
0.04350022735310463
1.8587529296606926e-09
7.498380425444833e-09
7.794681930825884e-35
4.5395699078859586e-26
1.1895221773041051e-54
4.06258000320498e-16
2.1634093939439864e-07
6.5495627125939356e-21
4.786731154083196e-56
1.673739520516597e-15
1.9139265644502193e-23
7.24192847116768e-89
2.1769946664032596e-19
1.2581285558466014e-89
4.925057429058361e-18
5.7250904214298125e-46
7.945838192294822e-33
3.1732481697899264e-12
2.795602260856185e-40
3.9031266825764626e-44
3.1377272029643446e-26
8.723110030735667e-20
1.0673030720830985e-13
1.5589600363740177e-13
1.1427770703662345e-09
6.99216943053786e-28
5.750577295682746e-17
9.676757648460253e-12
0.00032768357287880223
5.005943205197169e-42
4.5803241756331035e-08
3.41931394820536e-35
2.9741490950369916e-06
4.258351666366829e-12
4.214548212887253e-06
2.7234334019328547e-14
3.373148895354478e-30
1.8889598166890646e-13
1.615649653882394e-20
1.0490870784382336e-22
1.857876604029862e-10
1.6839693411893493e-20
5.637430365155457e-23
3.7123323999791185e-20
2.5055600127180574e-47
1.5371722198082956e-54
1.6665354803787334e-08
0.008437326327489515
6.759265366751915e-38
3.991100044130885e-35
8.68558442331409e-05
2.3693862594034176e-35
4.693985305342234e-46
3.631924621800678e-133
1.3011048640207687e-10
5.4417562212210994e-05
1.5340143649956036e-06
2.341302052974454e-18
6.3965814529472624e-34
2.295574783618262e-26
3.9112391785217964e-42
4.206668649669383e-53
0.027642272731623056
2.376881456174169e-15
6.183896304706352e-18
3.496946265435085e-35
7.956021145436985e-18
5.148754194231825e-06
1.1927805292192112e-11
0.029909563987268226
2.9042280846762664e-24
3.9790504864634324e-07
1.1930083540901e-25
2.8791884316562828e-86
1.2463381722477035e-08
4.303008641034386e-09
6.896426350263462e-59
4.6514364579814614e-21
1.9668130332558574e-06
2.0604397803373877e-58
7.8898591947555e-09
1.936519458822088e-06
1.6795521264447562e-15
8.53366881786647e-31
8.047210092109945e-39
1.4614839694359598e-16
4.651733143941853e-64
1.969966111348601e-12
0.005860657808316071
2.393216868671675e-21
0.004344970444096398
9.672168134787536e-22
9.534079698067171e-12
1.4801160238325893e-51
2.2399192115505112e-29
2.3918802105857213e-10
1.5170121100194383e-43
1.4002414233887605e-31
6.700168104747676e-30
8.701288716729143e-15
0.006030749713815224
8.592277632514949e-14
1.1433526791533386e-53
1.1251213940152328e-30
1.0416397416951323e-17
1.2784103296072567e-12
5.112022264322898e-74
0.0010588606050330777
6.283504720081193e-20
8.865628937429505e-59
5.330726036809207e-25
3.188801651931723e-05
0.007022684787551154
2.117803584068118e-37
2.1321550187462463e-63
1.2231944094093034e-05
1.987676580687299e-30
7.250877201550221e-21
0.015261364469744356
2.6167333494813947e-06
3.4922612094167476e-07
5.583096158564295e-22
1.807761790688698e-40
7.679360704499506e-28
6.677870138494072e-11
2.0406073657573057e-26
3.827673428885159e-12
1.0930942817560884e-07
1.4081078109748194e-14
9.204352105668037e-14
5.352300385785024e-16
2.694545160088688e-25
5.584243364108125e-09
6.859889153099368e-08
9.700195842058604e-18
9.424263523159454e-06
1.3831181948932436e-42
0.000633199068589833
2.002375517305041e-33
1.516504679872116e-24
4.815410192564537e-08
6.479661344501856e-26
2.226203688832411e-18
2.0255221007631276e-14
0.00017225059211899355
4.521439227691786e-08
4.8076180748199126e-18
0.00027418618865857465
0.0028038797458336145
9.568506805180108e-60
1.740327920196086e-21
3.201700034599252e-12
2.931417340732659e-28
0.0006700386879261845
0.0007525707078836403
1.8005578769079068e-12
6.392764568937157e-14
1.3598592826475728e-34
1.2062773137932629e-23
2.6833451416022868e-27
2.7927650258041136e-67
4.955748673480123e-15
4.0341719860458167e-07
9.979817703936504e-05
5.004971090711458e-07
5.506613534039028e-15
3.610537384863465e-30
2.7549864427171955e-41
2.328959214431328e-06
6.132900948164845e-06
7.418595539824192e-05
2.8033522042757398e-52
3.010805390208157e-47
1.0902701353636793e-20
3.054024775354767e-59
3.614432900578793e-12
1.9408241373612697e-07
3.6898373660732646e-06
0.004589637580418001
1.3839256779337056e-25
3.262377244007311e-06
1.608966287995079e-12
0.00010797386734189437
6.901805288782178e-06
7.704702380664609e-47
1.7693724269549875e-30
0.0031358584341435697
4.738575327533524e-06
4.9592993717203605e-15
1.393450374788495e-07
5.425402008522677e-13
5.551012017998001e-50
3.406384359516956e-23
1.0652910783301085e-151
3.936199538641019e-43
2.9349183988453445e-06
3.41916086217144e-22
2.0508235060733102e-07
2.1614921472926593e-78
1.3118630956174765e-42
1.866190031984307e-23
1.858817350920657e-08
3.0022565826126545e-12
2.1457678310423423e-13
1.2257700758425535e-70
1.5678166987992268e-16
1.677552289310604e-50
1.3173590997853242e-91
3.582330737085238e-34
9.286066089228522e-10
2.2790869530820742e-36
1.6760654008610098e-29
0.002425099782751478
4.476381035945407e-31
1.5292336084227813e-27
8.363751199687644e-50
3.134869351240429e-05
1.1868146197926155e-20
9.244678169347598e-30
1.2657026370367757e-05
8.431906592630723e-12
4.083211109799518e-13
4.9575107801263324e-05
1.5345663734823236e-13
0.00016064031388862097
5.912684326805756e-22
1.4036989858528662e-13
0.0008207674467631277
4.445102543621146e-06
1.0948148123799222e-23
3.577016520327496e-20
5.766178977142016e-09
8.896886034638772e-96
3.392066410013058e-30
0.0003208917395608381
1.7174908521333266e-11
1.273513262251805e-07
7.557137261961426e-26
3.1540131079198e-14
2.338933571650076e-16
2.860495822966971e-10
2.897880150311305e-10
5.970306635129642e-17
8.385741627902635e-38
6.659454495473841e-09
1.62570910467635e-45
8.818488042747652e-09
5.464005721264008e-88
7.28306139817379e-15
2.3658461671574664e-72
5.082808220790225e-12
8.212129733190256e-05
4.42161145706184e-34
4.460325074956251e-39
8.689750152713901e-08
1.8109639481606241e-38
6.621904554038528e-12
1.0507089329281055e-24
9.241579709391624e-13
2.293621516601936e-38
7.793341938250406e-10
6.575749799470217e-19
1.4098255166444435e-42
5.711735059229441e-09
1.9175796565922486e-105
1.5506818047945721e-12
4.604754235281359e-31
7.865844769903388e-25
0.0014413687514753643
4.995793671577734e-08
0.0006082327044157678
1.2252030578247164e-40
1.1725935806422931e-43
2.072765199543457e-65
2.0218349368432152e-09
4.210586557324773e-06
5.460191371394974e-05
3.1847073571050557e-93
1.0543775538089637e-09
3.573754683002089e-26
6.915623843325834e-35
8.543445621248028e-78
5.690975993590069e-12
2.730167549990066e-11
2.760835321903799e-08
4.5395086220296405e-09
1.848500693898483e-17
5.186765278540615e-35
8.551440257840856e-17
0.0008454322028712931
5.087152110747023e-12
4.127183415398442e-14
0.0017683019249229524
1.0350784086093131e-11
1.6693262627037626e-06
3.2056174846094116e-29
3.671760226209635e-20
2.6399915008098154e-06
1.2857681770312913e-74
1.1668663028723582e-10
4.618765893083343e-09
2.315344444380638e-07
2.7811055047119026e-20
4.752540936289088e-06
2.3603684270493967e-19
8.63299029138589e-79
1.911876960758234e-06
6.001509410665234e-53
2.4246004260020683e-18
1.268615040567199e-42
9.574212929662277e-19
3.9180632172902286e-12
1.7400813221513566e-33
2.726890662312358e-42
0.04774415197291972
4.4275914728794276e-24
3.1774984218009124e-19
1.3874674347612118e-07
0.013691709190117718
1.2621906843622125e-110
1.394349581323043e-07
3.0648733148279417e-26
1.668873110067445e-11
3.599292185139644e-08
1.76226620745789e-45
0.006845983433532813
0.00020292838600837303
4.0008872640525627e-19
5.4704012054160835e-05
1.1970768082375714e-05
1.7145076047696135e-18
8.794890229573527e-23
1.4167432074977913e-18
2.9240706843155172e-27
5.0590770410718845e-56
2.0210379007005594e-28
2.3164228997233238e-20
7.299810486186886e-63
2.5765577471068364e-16
1.1430399344867805e-66
1.0927541884066022e-15
1.679984512220566e-20
2.439087601065473e-07
1.6021112987472024e-05
1.8786555019688507e-67
3.11383715537999e-33
3.271500380643474e-05
6.778383379056773e-19
2.063255908214752e-14
8.92041747973459e-19
1.5166459730799837e-65
5.872582007355198e-48
4.865894150569859e-12
7.492729648420835e-18
1.5436917938589064e-36
3.804465700808923e-21
0.0008046240633764298
7.309996373061914e-50
5.759653560674002e-54
4.4217944959797445e-34
2.493459945248914e-14
0.00038228260066863436
6.172597994747004e-18
3.846694470717623e-07
8.465941738152937e-11
3.8018204524437526e-14
9.034325341231541e-22
2.487105855985935e-137
3.4834928803824107e-10
4.128071942037724e-05
3.592864155455035e-16
3.432161967782574e-12
2.0437621981607685e-17
4.2050594831263276e-54
1.1138737693278634e-06
5.301135829488615e-19
2.723705597370311e-41
4.8352867567983425e-33
8.999469119815041e-15
5.808360211631827e-38
1.1127419675461432e-11
1.3634149050344238e-08
6.484334643665244e-14
1.3806546088570308e-17
0.003089534327036836
1.409630759569036e-07
8.783213140624543e-05
6.97538222919295e-14
9.455495912978383e-05
1.6988111232619824e-12
7.080474012236993e-92
1.435156451824354e-17
1.698333710943702e-41
4.0485160696219645e-13
1.1999250190042616e-14
5.321378195426927e-41
9.32532095760217e-86
3.7279781211089475e-25
2.452175419651117e-19
1.047589524024536e-05
1.7275657446852184e-14
6.23357623476464e-16
3.1505297428484544e-90
2.3688473726163284e-37
4.564275511724827e-16
9.260213418879203e-12
4.166263437021976e-23
4.379595507315538e-15
3.9672146921898234e-05
2.823323294421929e-07
7.841848685019426e-17
7.083905687751546e-28
8.444778052310203e-21
9.646425869544668e-39
8.026831874491393e-16
5.912726601142213e-51
7.104498634630458e-43
1.4735288744617295e-72
5.0025968914497164e-11
5.314549642751458e-07
3.4637812764264365e-37
2.4098645669514176e-26
4.97634323107048e-13
1.0019196621797725e-36
6.060470946566967e-17
1.6174037226317457e-57
1.5227830752349433e-34
1.69503965828769e-23
1.543533580223249e-39
2.997110319898492e-16
4.3238249297685556e-17
1.5348994732327155e-41
4.260786366385803e-12
7.900604619709057e-68
7.361858877761688e-46
1.2449713370743545e-35
1.1882041859042678e-36
9.216974262282948e-27
1.4082536331312014e-33
5.184197782691348e-12
8.980538396385508e-09
2.765328746726265e-31
4.279714714048544e-52
7.63588349414081e-06
4.5651869041893014e-05
6.3336240371090545e-18
2.7894897518929408e-09
1.7310629674434876e-08
4.437375321423792e-30
4.631560530500303e-12
4.3999930264792786e-40
4.484634196753197e-05
2.7626581808257913e-18
4.047923010453597e-07
6.668558692669272e-05
2.1201974366116594e-30
2.6907259623680176e-32
3.0129726482877605e-06
2.081784281153604e-33
4.032555288773658e-65
1.128887605323853e-09
8.982618945950106e-07
3.9530131046181757e-26
1.9718646801983216e-05
1.578168704405819e-19
1.1891838455932934e-23
3.4281683065458625e-13
4.658507879753328e-19
2.923011436558087e-24
3.6103016348488144e-24
1.461036201938895e-75
1.5569931150928913e-12
2.2794720714793573e-34
1.3759874055717729e-32
7.913110261512383e-41
2.659769920733816e-50
6.241165845911427e-33
9.169011266484772e-52
1.6436301586088631e-29
1.7054523830843244e-15
3.944319936688191e-17
2.5362087213939606e-09
3.971683838398787e-19
2.0482784753481547e-19
5.040159139567647e-54
5.314617068846875e-70
5.433270546176778e-06
6.829101750165852e-23
7.034574328437453e-16
1.1269646656119327e-13
2.1529951213188132e-16
5.055106035837757e-05
1.6109854507663854e-10
1.7712593768888625e-09
9.440382551751754e-36
1.1270058269156024e-18
8.337258486254539e-16
4.839339954023921e-22
0.0003245731770843382
1.89387194742028e-05
2.73697274307994e-15
4.300555298381178e-18
1.8496316533898484e-07
6.335217758614946e-12
1.0579465907857065e-10
1.127544968938219e-61
1.4202770083915157e-37
2.132869682454871e-08
8.062998156033169e-28
1.7741898380189839e-09
9.419442750138389e-152
8.055091884541324e-09
4.8045845475641715e-36
4.557851525077365e-92
0.00011252628431389915
1.788973812608339e-48
1.1200990116445775e-10
1.816697809885319e-49
7.718360329766559e-101
1.74906091827523e-14
4.492518851743309e-82
0.0032354574277267253
1.4559286943294004e-11
1.577246246635554e-51
3.952580990525221e-20
7.660859909288404e-67
1.1878824601945834e-07
0.001516016350798689
7.60779956429282e-24
1.644865419342265e-14
2.2277882992613194e-05
3.671340818676248e-47
1.5475864109421048e-27
1.8349340630055054e-21
2.96628708799926e-16
9.653069555263273e-37
5.7626274308470265e-06
3.774629577411899e-05
3.1472312982536604e-59
3.783209811815769e-23
3.0383359151855997e-13
8.422485705714922e-21
2.3909917296632642e-20
9.611238196145446e-40
1.948012222901453e-08
8.517607941535895e-28
5.629026635541365e-10
1.1164956860935345e-18
8.527693065179304e-15
1.788742043781634e-11
3.4431313238981575e-15
4.209589935365096e-09
7.414016498480105e-23
8.251604402063365e-29
0.0012093920502657233
1.4896020848473081e-77
4.928897638092866e-35
2.1170948682913444e-49
1.6973853999888865e-07
3.244698754192873e-05
5.266131797755351e-10
3.9529504228898554e-22
9.762891702973713e-22
6.015840352104467e-13
5.9950299284049e-74
3.935227980119136e-08
4.448343082030823e-16
6.0894016953853314e-33
2.0211535774500325e-63
0.0031829434648613145
7.144704079042854e-35
7.391539847085327e-30
1.318358747211873e-11
1.0076380589941347e-11
1.0591556398764836e-05
7.620057187276816e-40
2.3397935983064566e-05
0.0004962523853086736
1.990312712623937e-32
2.515310354297599e-12
1.489643158911036e-42
6.684608082840492e-73
1.150348798553755e-08
9.559724070429511e-07
8.286798010985564e-23
3.2888113691393344e-29
0.00116209836019761
4.917593428075993e-19
3.8630942021322595e-21
6.043238956988772e-18
6.436496704010602e-18
3.608765126054816e-06
1.5770557161699255e-15
1.7453685962031782e-48
4.2753260141887675e-05
4.121240739252169e-05
2.7290530243809805e-05
6.831744342098704e-16
5.3439336896431554e-12
3.797764869776173e-14
1.0066926863754486e-76
6.342931877278664e-30
2.0692541758694254e-17
1.6034717432697807e-21
6.160040508207836e-37
4.903367280909812e-16
1.705211034857081e-07
6.491415425648716e-07
1.387410299476733e-15
1.2768262436975781e-24
3.5077996778326556e-28
4.024187426067133e-26
7.631186558838389e-18
1.060764259010882e-25
0.0014807078695533251
8.406129891978567e-05
2.8779494039907538e-08
0.004825419416839865
2.8012275000109815e-14
1.5965113205872017e-16
2.6679620033924333e-47
3.1357648944951808e-96
8.698947115360666e-55
4.177784455650235e-05
3.5396651494614012e-12
4.952937178728305e-07
6.255536768232274e-07
4.81847832730244e-17
5.65962755286111e-30
6.23772224065826e-06
1.2558885993701688e-07
6.875735619690504e-38
1.8299229974917207e-152
6.467351501183427e-41
1.1805551144025948e-29
3.4433248056533323e-31
4.022214020613e-42
3.8154885842387795e-44
2.0778566181564465e-11
5.128807254768392e-10
5.3611757458709285e-24
0.00021424272999734365
5.571466189565319e-53
2.126259067789186e-11
1.3841100380852491e-13
3.177005257449246e-29
0.005692236648633314
8.906896269110314e-47
1.2081585452050093e-15
3.655661382037591e-16
1.0677848638793825e-32
4.926216892612579e-13
0.0008991021687870522
1.9180016680191688e-68
2.3240279272127272e-09
6.258156500854995e-30
8.77226431959969e-07
1.7228116957901289e-12
1.7919410972575398e-62
1.2816081030446072e-42
0.002504209677401925
3.7855411203673786e-38
7.219365136022261e-17
6.617932575776492e-25
8.238635129199154e-16
7.908522761196197e-13
8.360601917297763e-32
3.5830493074718624e-13
1.2927485969849513e-95
1.9009132523584995e-17
1.7586448056360493e-22
1.3013584161150888e-37
6.9241655784110815e-28
3.817341404147609e-12
5.688154714121876e-09
0.00046031527752022456
5.491391735535768e-06
1.3574870013480054e-17
2.423481582619638e-18
4.4444863261584015e-08
9.204481121338008e-79
1.6117092697598718e-07
7.979209505900142e-08
7.49597305738653e-29
2.5495792054877484e-29
5.73370050791021e-36
4.148085779188903e-10
2.855879136453531e-13
5.489526627959788e-34
3.2049375137761943e-05
7.452689469399818e-16
3.912443461341806e-40
9.444045707550405e-39
0.0003818004776402684
6.644911119485941e-27
1.69587965827079e-31
5.547053733377622e-20
9.133686948021804e-18
4.796071864671228e-11
2.8286294814164207e-28
7.041348082924654e-41
6.4304969553282815e-102
7.537294963383542e-59
4.669326846533707e-40
3.7506300654718744e-08
2.891725824592712e-10
7.806933745665324e-37
1.4418726927840823e-10
3.027646754448187e-06
3.3027326619144526e-21
9.253259869421264e-35
1.9256690116330454e-27
1.2759370658116105e-85
5.534395896663423e-10
0.009245692921740009
1.789021722248319e-39
2.21794081827605e-22
8.444316607122293e-13
5.5239004055444895e-34
3.216859034405983e-06
4.44462298213811e-19
7.153046175461627e-37
1.8024205450267673e-72
1.514888015372544e-26
2.9460156453812187e-09
7.811376140135147e-26
2.2636862514852822e-12
7.481388090121495e-12
2.2413032295356755e-124
1.4641125001844363e-32
0.00038235295875480263
7.644917844253829e-11
4.920093727970131e-43
1.7313318484463033e-18
1.983063349121575e-07
1.134311987224079e-64
2.475380001473337e-08
9.599223737100817e-43
5.103455965220202e-15
2.42753796530548e-27
1.0049873029932593e-13
2.5828392918829652e-20
2.554699027495277e-19
0.0001225664086790385
2.3253287288200196e-10
2.5673276595170297e-17
1.2222654666219659e-09
0.00044346803731972135
7.004715382962484e-14
1.3684705412467234e-26
9.99486119874399e-79
2.7271938850958177e-10
1.2555565605984066e-09
2.7610173164895985e-25
2.0340561698395977e-10
6.702780006062871e-29
0.015564570386361791
1.6695285343178487e-22
2.480373367382986e-39
1.5452244737704234e-114
2.1733155393592146e-39
2.566450651909583e-34
2.8960865101221016e-68
6.76111819265087e-30
3.5188660418553186e-13
9.058239107709164e-62
1.6973805075029626e-64
1.9265571396072824e-20
5.636453548423496e-60
3.120969062361067e-21
1.3276784694087626e-26
4.695884010525979e-59
1.6651208470272173e-21
0.005557520335472136
1.7412540040005546e-66
0.000849005968670595
6.451753932280663e-98
1.1953323171719876e-08
7.331659632922503e-14
7.374619407538959e-28
2.129363402205162e-60
2.164177905762769e-79
1.0904758281442725e-40
8.37205644033112e-07
1.1255978011590816e-17
3.65013450789196e-18
5.522372739200922e-05
