521
10
4
100
488
-1.26641
-1.05911
-0.16981
1.49492
0.323755
0.524698
-0.0735876
-1.93217
0.873934
0.755885
0.392323
-0.119042
0.330834
1.35433
1.00152
2.25541
-1.50062
0.493846
-1.22324
-2.37574
-0.0159162
-1.29602
0.0964175
0.943652
-0.187282
0.903635
-0.744175
-0.838015
-0.460842
-0.911693
-0.401018
-2.13048
1.11348
-1.72498
-1.00344
-0.284613
0.730733
1.59611
0.0601437
0.568909
1.12718
0.395258
1.74592
-0.355407
0.464822
-1.29696
0.395876
0.925424
-0.357432
0.377752
1.49084
1.24454
-1.29011
0.454709
-0.432706
1.12402
0.814891
1.61691
-0.331467
2.63784
0.0535528
-0.234353
0.775351
-0.762675
1.63515
-1.15086
1.46541
0.664043
0.406355
-0.989597
-0.999213
0.137695
1.8069
-1.53749
-0.685705
-0.45969
0.616662
-0.945965
2.23659
-0.128667
-1.22137
-1.01247
0.137002
2.60786
-0.642401
-0.707655
-0.992924
0.768041
-0.207582
-0.307486
0.692341
-0.326096
-0.54403
-0.455476
1.13131
-0.346762
1.72878
-0.792432
0.195727
0.0835379
2
389
666
cabb
425
1334
acba
98
0.686622
-0.775143
-1.36955
1.21639
-0.378363
0.47773
0.486364
0.212797
-0.0163787
-0.600949
-0.254677
1.55462
-1.43433
-1.07052
1.50149
0.353457
-1.20387
0.205774
-0.883994
-1.59809
0.0924361
0.861006
-0.378227
-0.726429
0.513524
-0.429915
0.0565483
0.102628
1.0217
0.654946
-0.327558
0.770798
-0.725097
-2.01716
-0.464817
0.919933
-0.548364
-1.84579
-0.859901
-0.88001
-1.86503
-0.178243
0.609666
-0.576852
0.00669303
2.35137
-0.201497
-0.816954
0.720608
-0.00187266
1.79406
-0.876739
-0.627235
-1.34206
0.840141
-0.23997
-0.219478
0.0494102
-0.547997
1.31566
1.30721
-0.946691
-2.39018
-0.0788505
1.1175
-0.800448
0.29645
0.0406238
-0.666713
1.59419
-0.745307
0.975515
-1.16077
-1.08045
-0.212681
-1.96576
0.815331
1.58041
0.640466
-0.249967
0.991999
-0.538476
0.59004
2.60626
-2.94221
0.526605
-1.03887
0.717576
-0.261247
0.867602
0.200026
0.0102948
-1.05912
-0.465885
1.23286
-0.940866
-1.8936
-0.677909
0.177173
-1.3114
6
92
166
bddc
240
90
dbda
358
7
adad
384
30
bdda
469
1683
cabb
502
24
adcd
314
-2.1838
2.02054
-0.377509
-1.22277
0.207237
-0.929664
-1.32071
-0.528386
0.920554
0.284731
1.26949
0.208062
0.114931
1.00865
-2.20092
0.73525
0.710278
-1.19412
1.85303
1.36782
0.527397
-0.0281616
-0.157112
0.980032
0.465435
0.905231
0.433129
-1.31265
-0.441694
0.961029
-0.119157
1.64714
1.34592
0.282116
-0.288269
1.1846
-0.640678
1.57564
-0.907938
-1.17506
1.0653
-1.05464
-1.06511
0.143296
0.214887
0.51813
0.58551
-0.891501
1.53782
0.699006
1.23427
0.65382
1.8796
-0.104796
-0.715517
0.751841
-0.443928
-0.438079
-1.48016
-0.723244
0.623834
0.781449
0.643976
0.253478
1.77265
-0.595958
-1.25792
-0.36365
0.369801
1.8727
0.806603
-0.269551
1.35934
0.199459
-0.461108
-0.0561141
-0.0667165
0.949639
-2.69324
-0.798233
0.330904
3.11615
0.581481
-0.456957
0.323369
1.75417
0.498788
0.221524
-1.29016
-2.30391
-0.0326001
-0.437909
1.1137
0.465989
0.363015
1.29165
0.536531
-1.18862
0.34567
1.37346
2
197
1933
cabb
325
67
bdad
404
-0.314548
1.48902
1.44794
1.22677
0.609137
0.787753
-2.15007
0.87434
0.590904
-1.19327
1.51714
0.928019
0.351059
-0.40171
-0.744958
0.162965
0.0676245
0.253815
-0.477848
-0.182077
-1.75079
1.04307
0.513599
1.83004
-2.19205
-0.930263
-0.16959
-1.03132
-0.458455
-0.206371
1.42603
1.24228
0.219607
-1.68816
-0.851404
0.0490362
0.550655
-0.428457
-1.3988
2.31885
-0.872319
-1.03135
-0.000145754
1.03499
-1.57662
-0.0735888
1.13872
-0.991924
-0.180091
-0.654311
0.298322
-0.537196
-0.658936
0.11843
0.0480057
-0.943663
-0.191509
0.201265
-0.0519148
0.112171
-1.12453
-0.34502
-0.330149
-1.22792
0.721092
-1.003
0.470829
0.409409
1.22079
1.7164
1.67222
-0.930684
0.682676
-0.0197055
-1.09866
2.02303
0.114401
-0.167889
0.0548008
0.459819
-1.61766
-1.13426
0.281347
-0.556662
1.9495
0.495227
0.565623
0.423566
0.978508
0.232176
0.502186
0.568097
-0.66902
1.9983
-0.926139
0.346814
-0.363762
0.360248
0.41028
-1.16418
10
138
42
dbda
186
99
ddca
216
20
addb
217
1025
acba
247
41
acdb
353
690
cabb
377
20
dcaa
383
43
abdc
492
8
ddda
513
12
daaa
22
1.62404
-0.275923
-0.053973
-1.50512
0.0202297
-1.14826
0.285066
1.1761
0.529901
-0.0859978
0.49708
1.29832
1.47937
-0.347937
0.891202
1.5269
0.879678
0.316078
-0.842628
2.44611
1.9056
-2.34537
-0.475942
-0.0891073
-0.406196
1.10177
1.33201
1.92124
-0.371179
0.411721
1.44741
0.0382841
-0.504112
-0.594601
0.11428
0.551568
-0.261746
1.11637
3.45417
1.36484
-1.38293
-1.22349
-0.66225
0.527269
-0.776052
-0.412481
-0.262113
0.0970863
1.46741
1.02646
1.40572
0.15025
0.304828
1.1239
-0.925704
0.945889
1.34125
2.24885
0.902732
0.0853279
0.847465
-0.308477
0.485072
0.555476
-0.462618
1.16562
-0.016575
1.79938
0.0954013
-0.107271
-1.89319
-0.0910123
-0.157819
-0.139052
1.44327
0.193858
0.929414
-0.605919
0.133499
-1.16907
-0.529093
0.684908
1.37668
0.727639
-0.700449
-1.34202
-0.136511
-0.751912
0.584477
-0.315136
-0.519055
0.946196
0.221551
0.330909
0.940184
-1.59419
-2.73173
0.609303
-1.51036
-1.89478
8
5
112
adad
34
930
cabb
162
202
baac
204
488
acba
314
24
dbad
356
64
ddbd
484
42
abad
513
138
dbdd
477
0.121339
1.27345
0.223308
0.00681568
0.0551211
-1.41572
-0.13509
-1.47317
0.340988
0.0611765
0.0743566
-0.559846
-1.01641
1.44765
1.35908
-0.559655
0.469564
-1.89174
0.895114
-0.260587
-0.439928
0.395625
0.996917
0.248555
0.63935
1.32313
0.420324
0.755262
-0.244112
-0.7782
-1.09477
-0.0426031
0.125614
0.429557
-0.231933
-0.295108
2.00844
-1.17312
1.46564
-0.519172
0.741308
0.491935
0.718826
-0.699092
-1.71205
2.03151
0.264352
-0.417779
-1.28181
-0.108258
0.387578
-0.928797
-0.40808
0.228754
1.37432
-1.23713
0.0379163
0.955106
0.863241
-0.00304182
0.286936
0.186058
1.94075
-0.340016
0.226038
1.62387
0.781044
1.12141
0.111084
-0.220267
0.462148
-0.877269
-0.213288
-1.3422
0.914628
0.162709
-1.0278
0.0650773
0.317109
-0.736221
1.42551
-0.329981
-0.0229714
-0.610887
0.0198358
-1.20396
-1.038
-1.10911
0.539838
-0.742125
-0.389314
0.0834517
0.0794947
-0.749533
0.588772
-1.38705
-0.726944
3.23105
1.50141
-0.0994294
2
29
8
dada
106
1992
cabb
30
1.17349
0.282245
0.259335
0.537849
-0.629987
2.0953
-0.169562
0.771187
1.45816
-1.54491
0.717183
0.654936
0.456514
0.530329
-1.82259
1.14549
1.1577
1.73933
0.641614
-1.66508
0.938279
-0.357299
-1.8244
0.820557
-0.798911
-0.869005
1.56804
-0.0517348
-0.315463
0.0164043
0.304265
0.942384
-0.0545264
-0.454955
-1.69409
-1.00892
0.267772
-0.163302
1.30775
-0.245113
0.775979
1.76205
-0.863412
-1.47643
0.41778
-3.14404
0.183573
0.89092
-0.430584
-1.14336
0.0814303
0.890266
-1.60625
-0.465261
0.151146
0.389947
1.14546
-1.03876
-0.434162
1.49213
-0.0235591
0.157874
-1.7451
-0.625799
-0.782674
-0.946286
0.049244
0.224514
0.251374
0.654482
0.919724
0.481592
1.141
1.8689
-0.0761363
-0.562871
0.427946
0.662794
0.202827
-0.489761
-1.1057
0.53508
0.96698
0.798767
-0.193982
-0.151153
1.32644
0.438599
-0.42212
-1.00838
-0.0106692
0.375292
-0.276134
0.379852
-0.613771
-0.480433
-0.353221
1.87556
2.30136
-0.0935281
2
0
1087
acba
295
913
cabb
424
1.11989
-1.32291
1.09855
-0.600287
0.423515
1.52715
-0.475218
0.308103
0.0657481
-0.907397
0.951125
-0.247804
0.763249
1.30806
-0.79337
-0.67268
1.51623
-1.82811
0.869019
-0.707198
0.421538
-1.38039
0.0429799
1.99789
1.22339
-0.982537
0.348165
-0.438631
0.515089
-0.198273
0.566737
0.738213
-1.02648
1.05867
1.01705
1.43782
-1.53959
-0.657195
0.391046
-0.905872
-0.311755
-1.01238
-0.492247
-0.140171
-1.52237
-0.913024
0.224718
-0.932787
1.19039
-1.06303
0.623582
0.279365
-1.06078
-0.0670702
-0.652348
-0.0592692
1.27692
0.730444
0.9252
0.73626
0.13468
1.72216
0.262077
-0.938204
-1.48647
-0.623797
0.252387
-1.52947
0.869712
-0.203274
1.34358
0.00266688
0.29589
1.12073
1.78272
0.725877
0.571385
0.789965
1.57807
0.664135
-0.273407
0.331079
0.85444
0.760772
1.16345
-0.352367
-1.68829
1.42995
0.306001
0.454995
0.722991
0.89756
0.969552
-0.630633
-0.222386
2.06221
-0.0758565
2.51633
0.917009
-0.158378
1
286
2000
cabb
38
-0.371199
0.356264
0.168039
-2.62865
-0.412888
-2.03065
-0.130313
0.225412
0.226677
-0.0786538
-0.666578
0.412397
-0.430395
0.210449
0.364039
0.585338
0.870936
-0.864462
-1.35832
1.00342
0.109179
0.551562
-0.773476
-0.758388
0.505349
0.261981
-2.15728
-0.653792
-1.39518
1.35844
-0.625094
-0.200055
0.103218
-1.15722
0.471191
-0.760026
0.526322
0.98317
-1.8311
-0.0918759
0.278911
0.00110088
-1.35998
0.396669
0.283008
0.337411
0.0627996
-1.3358
1.55764
1.85765
0.136511
-1.08272
-2.56766
0.604092
-0.312141
-0.116833
1.08625
0.0785184
-0.278625
-0.483079
1.36359
-0.0649894
0.227457
-1.39262
-0.350247
0.200292
-1.77764
0.0838039
-0.0629125
-1.07581
0.168567
0.211407
-2.22121
1.53355
0.654771
-0.583051
0.42604
-0.59835
-0.567285
-0.991274
-1.08388
-1.80034
0.291026
1.87848
1.15709
1.50987
0.240184
0.256916
-0.230455
-0.240967
-1.30634
1.15193
-0.844911
0.447419
0.125182
0.560466
-0.984114
-0.327627
0.494732
0.885893
1
365
2000
cabb
394
0.496866
-1.27236
0.670913
0.658475
-0.232341
0.351432
-0.695467
-0.174595
0.00332008
-0.184792
0.533755
1.36601
0.12712
0.825885
1.75682
-0.364438
-0.595622
-1.13648
0.249807
0.0326585
2.03494
-0.680409
0.925453
-1.36828
1.05565
-0.268047
-0.585039
0.773823
-0.670735
-1.10505
-1.55713
0.540898
1.0012
-0.364069
-1.49805
2.1314
0.119438
0.00943282
-1.7733
0.0211622
-0.676219
-0.396215
2.41132
-2.35171
-0.82678
-1.05101
-0.463677
-0.015297
0.058188
1.27026
-0.342213
-1.0072
0.62961
-0.35286
-0.854072
0.0890099
1.11226
0.647886
0.467545
-0.653619
-1.39258
-0.400295
1.151
0.558906
-0.830521
-1.53254
2.08403
0.566514
-0.208619
-1.04016
0.695998
0.562482
-1.11612
2.18954
0.489427
-1.21577
2.68365
-0.247401
-0.211572
1.67522
1.50237
1.69421
-0.159248
-0.537502
0.777273
0.608609
0.00839786
0.367939
-0.541134
-0.633464
-0.157373
0.203027
-0.0186409
-1.28434
-0.523346
0.869371
-0.0151216
-0.266861
-0.679761
-0.77417
4
125
378
ddba
216
776
acba
386
9
aadd
472
837
cabb
