1000
3.1144275034616127e-11
4.309658905538302e-76
1.584568929061601e-47
8.831181547769399e-09
0.036686197124071895
0.011757965435476045
5.0269320234168375e-58
2.0148169773167413e-15
8.30897329695478e-53
8.415982296130116e-33
1.5886605880287249e-32
1.0336681152965183e-35
2.2214658600123787e-09
7.832740782661801e-11
0.11946857951101232
8.314138877436015e-43
2.8495891988019937e-71
2.479310800341972e-19
0.000135685082083635
2.26975984271184e-22
3.4241390009605943e-09
6.73582798483292e-24
6.53747921477037e-19
1.971491580242355e-67
0.016417458072337847
3.930298707811005e-39
1.0287122306503679e-22
4.928320751978588e-38
7.506985025672678e-10
1.28857475793163e-12
4.185018758448009e-55
0.0005663385353883323
6.129368681648355e-43
5.297782134516388e-09
1.9470455303666568e-84
0.0035865831481107294
3.9846091107697145e-61
4.880946306838748e-34
9.121607996195618e-32
1.194423672417914e-09
8.861377573492101e-37
3.48292154956216e-36
4.878109457811466e-07
4.3702563218986515e-89
2.375491026408928e-12
1.0101940251069592e-69
2.5376063040383274e-26
9.891413867475664e-27
1.8879915430891297e-12
2.4239713780324414e-34
1.3992222366630551e-19
9.690512566962647e-14
8.241369169189819e-20
2.4996064478369884e-46
6.135273715584043e-09
1.302780043156066e-26
0.014750454637300466
1.201873513100935e-25
6.558718371744095e-24
5.775447100246569e-73
0.0297029702970297
0.002817680270666044
2.6665866687497506e-05
2.01102630606185e-33
8.653755612339386e-48
9.265346016770594e-16
2.70146737306144e-08
4.612825662169672e-90
3.873400474786112e-24
9.857833152950738e-15
5.4199290318770163e-08
9.979401149601913e-16
3.158427738026574e-07
3.4623193660075994e-22
6.492877413652707e-10
6.736938955820893e-20
8.052630228824286e-24
7.49446125372705e-06
4.387965384763247e-11
1.1599603862460892e-16
5.965947620543562e-12
0.0005722903530541437
0.0025954037416100967
5.858615728122767e-65
2.1660403759903108e-20
5.75052083387851e-06
1.8118628312479184e-13
6.651522121840572e-31
3.179239245057262e-11
2.523976792308961e-13
2.3225303148918045e-57
1.8160747415525463e-19
3.999626587954752e-15
1.4803505034712818e-23
7.876665022672056e-12
2.801132136788392e-32
1.1896471026168697e-36
2.1209652492601665e-34
2.4171172090964917e-18
0.00024078398401339036
1.0666834831718636e-78
1.6487046627283594e-05
4.731022725252446e-21
0.032834916144675694
3.1809030085298904e-10
3.616973083897725e-31
6.376035747515141e-24
9.53116150582919e-17
3.831835464911925e-69
4.032544144463218e-09
7.397273636534722e-14
0.001351745781105204
5.867146851656213e-10
9.523989661440076e-11
3.2566113646165835e-05
2.2434137288596815e-10
3.536667469114383e-11
1.1439868536636307e-43
3.565266008714037e-23
1.0039709375050528e-37
0.00037044520778608473
2.9235458970173154e-27
1.9375084276306602e-37
1.075526869391191e-13
1.5811290092016084e-21
1.5605952838687733e-28
1.2445405131511538e-75
3.8794188248635015e-15
2.5345998677069713e-30
1.2614705473746743e-38
0.00014398324491100994
2.799753076680908e-22
6.022227207140253e-06
9.35933614197988e-10
2.1142951434678875e-07
3.2878300557300007e-09
3.3463657926888404e-74
8.97303688017551e-16
1.847970528737921e-09
2.5891907487439385e-59
2.3248753672420935e-06
2.2212193404363124e-10
3.898502581931162e-14
1.1682976937621022e-94
3.7038016001021277e-84
1.321170813945819e-05
1.6402385282740632e-10
3.913042556535364e-12
2.987308221731522e-08
1
1.3436716398867129e-20
2.7185892689121944e-11
3.0391581613331126e-12
2.191096136692487e-19
2.5140167377501442e-28
7.99053160826016e-38
6.748559508253972e-16
6.554287299830887e-30
1.5118281185435146e-12
5.7869421915544815e-19
1.6535519281156926e-22
0.0009649830136551705
1.3854811131498017e-34
0.0005812414110386764
3.1730486024821207e-23
5.212525783612422e-38
2.492500922185098e-25
8.771838379067188e-26
0.005001010305112144
2.888738802268052e-46
5.378708884181241e-43
1.7417931702668162e-17
7.515121819085832e-25
1.9875291819206356e-33
2.3263848215770962e-26
9.612216561114644e-08
0.00024338884935555516
6.007265692066861e-26
1.2555351050732648e-79
1.3220176818586562e-17
3.80512130717147e-38
2.7299550655991534e-27
8.370714709446621e-07
6.445678150166703e-10
2.6308531860312386e-05
4.337509482997053e-34
3.928271054276672e-15
5.127013647117666e-05
2.03905505921412e-14
4.643771677912471e-09
8.774339523829285e-05
4.661897342736736e-09
6.357262769952722e-08
6.015677393216986e-10
3.5343408869971188e-06
4.159094470871721e-07
2.216484370740523e-58
9.223298876041331e-34
7.750930721917656e-23
0.00036211061054001987
0.005687050822681784
8.612099385222e-59
2.5384104447562285e-07
8.102927342016824e-11
0.0018931740112786784
1.0576780427217335e-18
1.47334641531814e-07
0.012729844413012729
4.951488977108984e-17
2.576166888317635e-55
1.2137125035693647e-73
8.362093330201308e-10
0.04349363507779349
2.364680646329868e-09
7.712917851276547e-07
2.0459803788633232e-33
1.250400008544535e-25
1.8209594332698406e-55
4.744827305598353e-16
4.070266418017871e-07
3.3661459694286036e-21
3.5056850194050847e-56
2.4506888822183907e-15
1.8333681589794023e-22
1.3739332139863056e-88
2.532515829124447e-19
6.729015319651144e-91
1.5176904286421015e-16
2.862762134278298e-45
8.545351531588848e-32
1.0905929169203415e-12
3.190351269703499e-41
6.550198007327004e-44
3.5623463005157996e-26
2.2481184472931785e-19
1.3142854361431562e-13
3.4548814003710987e-13
2.094228919814337e-10
7.780934759319021e-28
5.480645766555571e-16
5.7111758097399846e-12
0.0002708406056563021
1.097440748114096e-42
1.5298433865857746e-07
4.051865955223904e-33
4.9061066810667353e-05
7.851246363548244e-12
1.3001174351678097e-05
6.164426345085358e-13
1.2456189129466807e-27
4.87024513425406e-13
1.8250391784148415e-20
7.438356697275219e-23
1.348487935672901e-10
1.033582794954584e-20
2.6786456925383196e-23
1.6145852908761662e-19
9.235290677437808e-47
1.2744389578531482e-55
2.406315642362583e-08
0.008436047686401292
1.4507501825308387e-36
5.925386352087285e-35
0.00016626824318396856
7.383916106879105e-37
1.164363729222225e-44
2.630005473347178e-132
4.0416625322852223e-10
0.00027248264430826424
4.4695764983107896e-06
4.729608383121211e-18
2.0838648618439488e-33
3.1787947965131934e-23
5.432545039479811e-41
4.655592675571375e-53
0.027631844817134776
9.257535474564005e-15
1.590526409472743e-17
6.271746906498569e-35
8.931783683218802e-17
9.856091594830641e-06
2.0563357906337225e-11
0.029905031319458476
1.6775925545556095e-23
6.585327452136292e-07
2.1653318776785506e-25
2.7997410390022042e-86
7.045126729193354e-09
4.364953262137553e-08
9.166188033481784e-59
7.647539074793144e-20
5.292364843200497e-06
9.1402034311027e-58
5.331155340152346e-09
2.3376212878226297e-07
2.9967069260271386e-15
1.6651943685186205e-30
3.137411081974015e-38
9.600090941920109e-17
3.1281698688719146e-63
4.965202353235106e-12
0.005859769650434432
4.345587895056034e-20
0.00434431198221863
4.364877153654326e-22
1.2995930442474392e-11
3.6130316779150316e-51
1.250976383308931e-29
1.531939068496833e-11
2.5743165526521528e-42
4.286206282500653e-31
1.0460810372983744e-29
2.991804817817868e-13
0.006029835779225334
3.6338802363357997e-13
2.099821269883163e-53
4.070425519797594e-31
2.00832312845639e-17
1.9992263635641114e-13
3.1610536682325627e-75
0.010608203677510608
9.39200580478752e-20
7.788560153209363e-60
3.939281188972999e-25
6.514431968878244e-05
0.007021620529399878
2.3311738381373723e-36
4.4758087793241587e-63
1.0693125600113468e-05
1.4027156223033558e-29
4.8656044555395366e-21
0.015255607193372399
3.3795033675111658e-06
2.2124393854297954e-07
2.3834770439743725e-21
1.1789690495996837e-39
1.1316889936764135e-27
3.644807775009302e-11
1.0897695208766899e-26
9.346963395849083e-11
3.7356962277047433e-07
4.080669284712175e-14
8.015797801454154e-14
5.466499614079854e-16
9.171501570986003e-26
2.2094525291192544e-08
2.7982005152253706e-08
7.584130522992825e-18
2.669148321817893e-05
1.6774249948095793e-42
0.0006418415659339752
1.864294320861109e-33
3.12852431601474e-24
6.689251999557744e-08
1.946825395921265e-25
1.5427292499502955e-17
6.147972349602025e-14
0.0003267667940953464
1.2417218208603688e-07
1.5002987393263393e-18
0.00022701734824989562
0.007338048525999679
1.238484565344026e-59
4.296268546876367e-21
5.310996822199428e-12
3.829706646425871e-28
0.000425445473675589
0.0009752442954667287
8.924703437716737e-12
9.56841468868497e-14
7.299792724501115e-35
2.6001361555332594e-23
5.247935494867958e-27
9.56817330401868e-68
6.069173129597495e-15
8.514268850489678e-07
0.0001392341630617292
7.08895006360606e-07
4.156997682592699e-14
4.543281375133078e-30
2.132904729686703e-42
2.4076139502888336e-06
2.5982131897571142e-05
0.0002616291856611363
8.926306308763985e-52
1.6830811011418517e-46
1.7580619577647172e-20
6.753483797723036e-57
2.0399674048674717e-11
2.817045167031529e-07
2.600497055347946e-05
0.004588942040271443
2.626913181605982e-26
3.6394867582470343e-06
2.9725076396413308e-12
0.00032105942167682275
7.31271317125006e-06
7.856634739086884e-46
3.986384569581004e-31
0.01064620321307184
4.000887274046452e-05
1.9261611442479043e-15
1.1854403457242458e-07
1.178554236232908e-12
2.9012224629099678e-49
1.3098468617662873e-23
1.9392569248661248e-150
9.372933785155653e-43
8.33440305822104e-06
2.837884260235975e-22
3.5397137006117355e-07
1.881266522332283e-78
2.0031599511944153e-41
1.8207008682820503e-23
1.4630764197457158e-07
1.0100426418176714e-11
5.313134951421607e-13
4.698543480523832e-69
1.4316102973142309e-15
1.0834117596805608e-50
1.83488948149703e-90
5.620204261620652e-35
1.3042663074633752e-09
1.477036488537266e-35
1.1199312008896548e-28
0.002424732269145282
1.0944056113488301e-30
4.4683132618405015e-27
2.2944292400130747e-49
4.554873934864563e-05
2.6563581386384842e-20
4.3213988535707195e-29
1.7762498434250993e-05
2.038758173144372e-11
5.215653926372781e-14
0.00012975121855397212
2.1117986273609252e-13
0.00012671804569287069
1.3485745600445728e-21
4.5644428384741145e-12
0.002222671246716508
2.698242879362651e-05
2.752484038560683e-24
7.825210790011626e-20
1.9995449736773566e-08
1.175278274529136e-95
1.0026174769426876e-30
0.0003316891061295784
7.340593857600492e-12
9.528121325222734e-07
1.7182257584559055e-25
1.1084898453631318e-14
2.1765038194233662e-15
1.5676292518432422e-09
3.711676230708478e-10
1.1596793955678207e-16
7.409802858425855e-37
1.0137308916425608e-08
3.4290785184667495e-46
5.131001995457947e-08
1.064916081036307e-88
8.095903786109163e-15
2.61055094325943e-70
4.322186879784165e-12
0.0004069587425094122
3.899102071968168e-34
1.974668380181506e-39
1.3890805318041746e-07
2.479280365506157e-36
2.2797850664605185e-11
1.5114485406422207e-24
5.267721202047066e-12
1.0785044876023267e-37
4.866762010489045e-10
2.6937251814890206e-18
7.763257427412463e-43
5.0432347743001705e-09
6.479389547318337e-106
1.8058817938965533e-12
2.7976539436054295e-32
1.6444084993895306e-24
0.0017053785681157584
1.41837799126481e-07
0.0004018712175242113
1.8309089448576598e-41
4.4478274659081725e-42
1.2677266428221324e-64
2.917665028275563e-09
4.973660993839604e-06
0.00017700766105371014
3.1921485549099874e-94
8.936424835211279e-10
4.1284272008481743e-26
9.180076870292148e-35
1.573324643718824e-76
8.997101927959059e-12
5.755729289831682e-12
1.902432934035365e-08
3.986486463508956e-09
1.3792784425965816e-16
2.7741472593819164e-35
1.1473259759496127e-16
0.0008453040811998133
7.651776777671405e-12
1.2751207597705312e-13
0.001768033946251768
2.787008244338087e-11
5.761537394653906e-06
1.4453428868349941e-28
4.052360406729931e-20
1.8508941540308734e-05
1.0014296415989883e-74
1.6342938116988e-10
4.0363826890298977e-10
1.3933059247146973e-07
1.9591692405358157e-20
0.00018291915792756493
7.36180277895406e-20
3.486344088179463e-78
8.798097465502455e-06
3.3665165209615497e-53
3.750026733705308e-17
7.411029720351754e-42
1.2242891551734576e-18
3.8685614692036985e-12
3.557475927976964e-33
3.651656410570821e-42
0.047736916548797734
6.592338126068044e-24
1.5917511988127504e-18
1.3318412655872624e-07
0.013689634269549405
3.7475484285120106e-110
2.0246958603065594e-07
4.780371343278284e-26
6.508875487415577e-12
3.3123154165453085e-07
9.056573869061855e-45
0.00684340081919693
0.00013404306785050598
1.6519831034527093e-19
0.0002955418138803522
1.1667944182961403e-05
1.6120558439155285e-17
1.7090851815211163e-22
4.802406744788851e-18
5.946323827740616e-27
3.961318675985809e-54
2.548754475473145e-29
2.4507027995991063e-20
2.5088116299160255e-60
9.599830287261456e-16
8.096403458926446e-64
8.171739182063922e-16
1.9988476881656643e-20
7.763948207366785e-07
7.887085543087446e-06
1.5319759223500332e-67
6.140239209372692e-33
4.329405125247152e-05
5.373463925092754e-19
3.597085137872596e-14
7.494939744526244e-19
6.251707472995032e-65
1.0131018021423268e-47
1.6218632852507495e-11
2.731433329161253e-19
1.1224672337436839e-36
9.126903329500821e-22
0.0007771043725464549
8.553775749854094e-50
9.82637207404854e-53
1.2703597319317662e-33
1.3994951805425134e-13
0.0004726421643367359
3.5326996343416254e-18
3.4757920189824255e-06
1.3395596298703542e-10
2.324473895340595e-13
7.805916467298571e-22
2.387186053635657e-136
4.174791008928467e-09
6.739306696610296e-05
5.733366702205928e-16
1.2463447231448132e-11
5.260579394738469e-17
4.124640227689862e-54
1.3845360106035402e-06
2.2323213977773878e-18
6.522596452548944e-41
8.70214518562919e-33
9.541564175011135e-15
4.5858105502823956e-38
4.9237519941320206e-12
3.2156932386153704e-08
1.5596015399964637e-13
2.83853933723893e-17
0.0012983174650087609
2.2821279984616648e-07
4.2170792142772944e-05
1.9557697467555338e-13
0.00041049333835755335
1.0224262452131895e-11
7.285863697251791e-92
1.9489041206930158e-17
8.467362553195344e-42
1.7488080239095374e-12
1.1767060207626123e-14
6.156212049331963e-41
1.2760196270847092e-85
7.134806694549053e-25
8.925453238084798e-18
4.378757506015963e-05
1.0951502857460558e-13
7.328777333750552e-15
4.7067451222241935e-92
4.588733899981316e-37
4.636936418169266e-16
2.2019718398752524e-12
4.350098147995566e-23
9.33515395154201e-15
4.636079753360201e-06
1.2662162798188782e-07
9.947032867539095e-17
1.8294548394563684e-28
8.198235354467089e-20
2.0642299432964788e-38
1.6883113272855089e-15
1.0615652757177379e-49
1.433484115949017e-42
3.4153105929646656e-71
3.983904473370375e-09
8.686983649424942e-07
6.0236358904977e-37
2.2905031861028133e-26
9.671822365761396e-13
2.207405586814105e-36
5.343758515085867e-17
3.26582611206526e-56
1.631648870603728e-33
4.343061040498117e-23
5.792453581352823e-39
2.0136357409848555e-15
2.0443206411741268e-17
6.831172058752532e-41
1.0681209471504102e-11
3.630270079597838e-66
2.779859319166671e-45
1.0129634755088284e-33
5.7930254509008564e-37
1.191322142330788e-27
7.784854968349795e-33
6.265975799622283e-12
1.260558083166809e-07
5.602536154298401e-31
3.1688198054562657e-52
1.1933509217603794e-05
0.00020454892580985581
4.857102686478626e-18
3.976034629490934e-09
2.686286837159703e-07
6.952440577451329e-30
7.723232304106743e-12
2.3183102796659426e-40
0.00012107284663759369
6.973753356120368e-18
9.73115725694216e-07
0.00011889352615694613
2.153605018232467e-31
5.394647209167877e-32
2.798826063470296e-06
4.8579263774447035e-33
2.9882509307636196e-64
5.36330767012302e-10
3.676295937631303e-06
1.3089839089363742e-26
5.846107081913641e-06
9.706431495093045e-19
1.0501384110809646e-23
2.704214020386233e-13
2.6353159567229278e-17
1.8851375935342617e-23
3.3914851016604484e-24
3.80243835542876e-74
1.7705330040535597e-11
1.8219437710533362e-34
1.623491764564586e-32
3.113689340819214e-41
2.065941006038767e-50
1.6786100636690964e-32
9.365504024959786e-52
1.1092813996077442e-28
1.1522083396520071e-14
3.484778581627558e-17
1.7440108590745574e-08
5.821595795317612e-19
7.633607250344312e-19
4.688192206664176e-54
5.98637503266512e-70
1.8481722671070065e-05
1.6931106322500796e-22
2.5542166492121813e-15
1.536622439496954e-10
7.933169898219992e-15
0.0004801601203846841
3.0083690264898177e-10
1.7786638205365556e-08
3.570453347770205e-35
5.729754029175725e-19
1.0725661788164695e-14
3.831684792958151e-21
0.00028785939206093467
2.240970210354021e-05
5.972881288749981e-16
1.482573804927281e-17
3.210560151940786e-07
5.6586918754687455e-12
1.1416258231696108e-10
4.671574922352417e-60
2.9617256521613827e-37
3.5548372848238045e-08
1.664013402817938e-26
1.9239275382899375e-09
3.604654370921382e-151
1.0214581026672338e-08
1.6400461202882227e-35
2.4201467068397605e-90
0.00011339519903390734
5.094149288549935e-48
2.497671396683659e-10
2.2902475739939575e-49
8.548962885191092e-99
6.236601260535297e-14
1.909047137457823e-81
0.0032834916144675696
8.625990563698459e-12
8.380277699469394e-52
5.081779254544725e-20
3.4352744952931325e-67
8.53013910732352e-08
0.003411548876122658
1.6216613370095424e-24
5.3650553813613914e-14
5.658128180249712e-05
1.1578424489277844e-46
1.1829902260439156e-26
5.041194815316386e-21
2.917011925951073e-16
2.8673669788648116e-37
2.7507823884714005e-05
0.0004849996890887554
4.423967527496127e-58
9.473094083421609e-22
4.039131361680684e-14
9.739361893230397e-21
5.473312814213352e-20
1.2091171230835288e-40
8.332059829399605e-08
1.3943838172901336e-27
1.0010351205244353e-09
9.72267810842337e-18
7.848540924207125e-15
2.0272725979394445e-10
1.5456029376345286e-14
2.568603472582946e-07
7.933172555833531e-23
5.137149170792077e-27
0.0014024946710333337
3.2228124768368267e-78
1.635235071484304e-35
3.9788256899697184e-49
1.5690344150059102e-07
0.00020620369890682487
9.262957036497757e-10
1.652441573683458e-20
4.696833374937978e-21
3.3296177060024208e-12
9.504088489838693e-74
3.771304718947285e-08
2.5779382154830523e-16
5.730624935310779e-34
3.290571183556524e-63
0.0031824611032531826
1.513608508018357e-34
1.0912756172513728e-29
1.2625293502695177e-11
1.0106969944447694e-11
1.2745939792943376e-05
9.741440088895974e-41
2.3815503528498585e-05
0.000538654901759606
5.83626811726364e-32
6.418324338808946e-12
2.2472379262558245e-42
2.541524314511058e-71
1.649178414003831e-08
3.16836934540175e-06
4.15086902038521e-23
5.279146816928812e-29
0.0006588241958010515
3.554658331931665e-18
4.172112563918702e-20
9.193085348499011e-18
8.040375373630977e-17
6.227021161634486e-06
1.610744408441028e-14
1.642987560895726e-48
2.0527098887426566e-05
0.00017427071876806844
3.220937540301782e-05
5.671357018160797e-15
1.2891201540474777e-11
2.7901227622962396e-14
1.3474353640816772e-76
5.1333280243800866e-30
1.6159307102922563e-16
2.9129333221586214e-21
1.3935897518680795e-35
5.370795011900311e-16
3.365794928597828e-08
5.448648606709282e-07
1.758785670900652e-15
3.9272436379972512e-25
2.5281027209680435e-28
4.299630278667652e-25
2.3332994879098935e-18
6.879786311355321e-25
0.001480483474543795
8.482149273248026e-05
3.1739406980869924e-08
0.011062840977975347
6.781477345946438e-14
2.346240819546908e-16
3.962132611869806e-46
9.957420912448695e-97
9.34886956033574e-54
0.000313616485233647
3.865310651236617e-12
5.964365006047895e-07
8.539466681066845e-07
3.5084681397028083e-17
2.627449782425044e-29
1.6238828074074936e-05
3.474291348743663e-07
6.5370968180930264e-37
1.0090858850223187e-151
4.82025776481184e-41
2.4427500540569912e-30
9.636742578156666e-31
6.317255483248259e-42
1.756485464654656e-43
5.704662490093136e-11
3.909168751652999e-10
1.1811995651649947e-22
0.00022106339880974483
1.0879521961854907e-52
8.55878622109143e-12
1.9323143685625527e-13
2.0462084507272542e-29
0.008890684986866034
2.7472740384415743e-45
1.0087816269538977e-15
1.8146002785886595e-16
7.044252600932479e-32
1.4656124336914666e-13
0.0024525591392137204
2.6728576796949647e-68
2.7465267907092448e-08
2.517059385936463e-30
3.973078798537274e-06
1.4058183587137843e-12
7.87242558690938e-64
1.7815055957231298e-41
0.004142250959789856
6.374582411230836e-36
1.0965604897611193e-16
7.710709975055768e-25
1.3899099013811487e-15
3.236980026387931e-12
3.963340704423577e-31
2.442074145498009e-13
7.58003463653221e-95
1.5111645283946924e-17
1.6637673745602356e-22
3.49323614838116e-36
3.253855258467731e-28
7.99909638514518e-12
3.5032367518723702e-09
0.0010162316945944289
6.8635574737509125e-06
7.747290546855959e-17
3.717307132127532e-18
1.0557988542457492e-07
9.429376611741568e-79
5.364880790486968e-07
1.1282213128176621e-07
5.957447999484409e-29
6.74355826549243e-29
2.2910532032448607e-35
5.270181898713102e-10
4.865427639477888e-12
6.455146295495563e-34
7.011342418361248e-05
1.2170154491899624e-15
7.6411024405655e-40
2.0727537296062084e-37
0.00023735305195949624
1.2289592358157221e-26
2.2168368709264426e-31
5.0501111607757226e-20
4.017740492742618e-17
8.071096469664833e-11
5.384319596466171e-29
4.7520098889816174e-40
1.7021413495097077e-102
5.737054801539779e-59
2.647922572561932e-39
1.385711566442203e-07
2.2715519519267543e-10
1.3101649181301853e-36
5.966084867765294e-10
4.644436320212383e-06
3.529781726961899e-21
1.8290119878609593e-34
4.611882960254073e-28
3.2953576454097044e-86
1.1381702277538514e-09
0.009244291776116386
1.6532051108774779e-40
1.1141201057178982e-23
7.68621953007338e-12
7.510719946663757e-33
2.7439386052517236e-06
3.046931796438658e-18
7.864157365790374e-37
1.1243323586253704e-72
9.819208593351954e-26
2.6881634714130412e-08
5.93433333805706e-25
1.7119940334941235e-10
4.2351793386635484e-12
3.531909210163818e-125
3.143046809272325e-32
0.001313396645787028
4.158296343294132e-11
1.2216297858316033e-42
5.047677645727162e-18
3.315473299398274e-07
1.4854044449294086e-64
4.9749092829735437e-08
2.6518101121324514e-44
2.5388210154929666e-14
8.120639847346884e-29
5.54121471233833e-13
2.1023911021465263e-19
5.2605229996462607e-20
0.00026593367735517666
3.135264844825397e-10
5.356997730820178e-17
2.1027254626213807e-09
0.001515457668215801
1.0764569528096177e-13
7.681662849685003e-26
6.122329536817082e-78
2.495912144689952e-10
2.3287291548368305e-09
2.3511775384765517e-24
3.255067091350454e-09
1.1547411557028505e-28
0.015558698727015556
1.2724111546848476e-21
4.8799692341995756e-39
4.3298680818087405e-115
5.845640319770539e-38
3.7459800255937964e-33
8.592914947797652e-69
7.880312734883748e-30
8.283694520959598e-13
8.664185429101659e-62
1.5310842546987402e-64
1.4674006101194662e-20
3.6562865823075734e-60
1.5048601735147004e-21
2.3925358480506372e-27
4.458734991939583e-58
2.0777098170992182e-21
0.005556678116791271
1.650245330043446e-67
0.0029124139778162928
2.660100124843209e-94
3.8138848005677496e-08
1.2359231909854136e-12
4.1185708941032314e-29
3.8394790010825443e-60
8.287604498080501e-79
1.2168136878534802e-40
3.653579338413214e-06
2.1148400218225727e-17
5.853469935965552e-17
0.0001410740932611486
