7 12 10 11 3 19 2 6 13 4 18 5 0 
9 2 7 19 11 14 8 1 6 17 3 15 0 
9 2 7 19 11 14 8 1 6 17 3 15 0 
17 15 10 5 8 2 6 1 
10 7 15 8 12 9 18 14 11 0 16 19 5 4 17 2 13 6 1 3 
18 12 0 11 5 2 10 8 19 14 6 
9 2 7 19 11 14 8 1 6 17 3 15 0 
9 2 7 19 11 14 8 1 6 17 3 15 0 
9 2 7 19 11 14 8 1 6 17 3 15 0 
9 2 7 19 11 14 8 1 6 17 3 15 0 
9 2 7 19 11 14 8 1 6 17 3 15 0 
9 2 7 19 11 14 8 1 6 17 3 15 0 
17 15 10 5 8 2 6 1 
14 15 1 5 10 11 7 8 17 13 16 4 
1 11 9 13 4 18 3 10 
9 2 7 19 11 14 8 1 6 17 3 15 0 
9 2 7 19 11 14 8 1 6 17 3 15 0 
9 2 7 19 11 14 8 1 6 17 3 15 0 
9 2 7 19 11 14 8 1 6 17 3 15 0 
10 16 14 5 15 6 18 12 7 
17 15 10 5 8 2 6 1 
9 2 7 19 11 14 8 1 6 17 3 15 0 
9 2 7 19 11 14 8 1 6 17 3 15 0 
9 2 7 19 11 14 8 1 6 17 3 15 0 
18 12 0 11 5 10 19 8 14 2 6 16 
9 2 7 19 11 14 8 1 6 17 3 15 0 
17 19 14 9 7 8 12 
9 2 7 19 11 14 8 1 6 17 3 15 0 
14 15 1 5 10 11 7 8 17 13 16 4 
9 2 7 19 11 14 8 1 6 17 3 15 0 
9 2 7 19 11 14 8 1 6 17 3 15 0 
9 2 7 19 11 14 8 1 6 17 3 15 0 
9 2 7 19 11 14 8 1 6 17 3 15 0 
9 12 16 7 0 10 5 3 13 
9 2 7 19 11 14 8 1 6 17 3 15 0 
18 12 0 11 5 10 19 8 14 2 6 16 
9 2 7 19 11 14 8 1 6 17 3 15 0 
9 2 7 19 11 14 8 1 6 17 3 15 0 
9 2 7 19 11 14 8 1 6 17 3 15 0 
17 15 10 5 8 2 6 1 
9 2 7 19 11 14 8 1 6 17 3 15 0 
9 2 7 19 11 14 8 1 6 17 3 15 0 
10 7 15 8 12 9 18 14 11 0 16 19 5 4 17 2 13 6 1 3 
9 2 7 19 11 14 8 1 6 17 3 15 0 
9 2 7 19 11 14 8 1 6 17 3 15 0 
9 2 7 19 11 14 8 1 6 17 3 15 0 
9 2 7 19 11 14 8 1 6 17 3 15 0 
9 2 7 19 11 14 8 1 6 17 3 15 0 
10 7 8 11 17 18 19 14 9 15 4 2 5 12 1 16 0 3 13 6 
9 2 7 19 11 14 8 1 6 17 3 15 0 
10 7 8 11 17 18 19 14 9 15 4 2 5 12 1 16 0 3 13 6 
10 7 8 11 17 18 19 14 9 15 4 2 5 12 1 16 0 3 13 6 
9 2 7 19 11 14 8 1 6 17 3 15 0 
9 2 7 19 11 14 8 1 6 17 3 15 0 
17 18 0 7 10 12 16 11 13 3 9 15 
9 2 7 19 11 14 8 1 6 17 3 15 0 
10 7 8 11 17 18 19 14 9 15 4 2 5 12 1 16 0 3 13 6 
9 2 7 19 11 14 8 1 6 17 3 15 0 
17 19 14 9 7 8 12 
9 2 7 19 11 14 8 1 6 17 3 15 0 
18 12 0 11 5 10 19 8 14 2 6 16 
1 7 19 15 5 4 18 3 10 11 16 12 9 17 13 0 14 8 6 2 
9 2 7 19 11 14 8 1 6 17 3 15 0 
9 2 7 19 11 14 8 1 6 17 3 15 0 
9 2 7 19 11 14 8 1 6 17 3 15 0 
9 2 7 19 11 14 8 1 6 17 3 15 0 
17 18 0 7 10 12 16 11 13 3 9 15 
9 2 7 19 11 14 8 1 6 17 3 15 0 
9 2 7 19 11 14 8 1 6 17 3 15 0 
17 18 7 19 0 9 10 5 11 14 
8 19 15 14 12 11 9 7 18 
9 2 7 19 11 14 8 1 6 17 3 15 0 
10 7 8 11 17 18 19 14 9 15 4 2 5 12 1 16 0 3 13 6 
9 2 7 19 11 14 8 1 6 17 3 15 0 
17 15 10 5 8 2 6 1 
17 18 0 7 10 12 16 3 11 13 9 
10 7 8 11 17 18 19 14 9 15 4 2 5 12 1 16 0 3 13 6 
9 2 7 19 11 14 8 1 6 17 3 15 0 
14 15 1 5 10 11 7 8 17 13 16 4 
9 2 7 19 11 14 8 1 6 17 3 15 0 
14 15 1 5 10 11 7 8 17 13 16 4 
18 12 0 11 5 2 10 8 19 14 6 
9 2 7 19 11 14 8 1 6 17 3 15 0 
9 2 7 19 11 14 8 1 6 17 3 15 0 
17 18 0 7 10 12 16 3 11 13 9 
9 2 7 19 11 14 8 1 6 17 3 15 0 
9 2 7 19 11 14 8 1 6 17 3 15 0 
9 2 7 19 11 14 8 1 6 17 3 15 0 
10 7 8 11 17 18 19 14 9 15 4 2 5 12 1 16 0 3 13 6 
10 7 8 11 17 18 19 14 9 15 4 2 5 12 1 16 0 3 13 6 
9 2 7 19 11 14 8 1 6 17 3 15 0 
13 10 12 19 16 14 
9 2 7 19 11 14 8 1 6 17 3 15 0 
10 7 8 11 17 18 19 14 9 15 4 2 5 12 1 16 0 3 13 6 
9 2 7 19 11 14 8 1 6 17 3 15 0 
9 2 7 19 11 14 8 1 6 17 3 15 0 
9 2 7 19 11 14 8 1 6 17 3 15 0 
9 2 7 19 11 14 8 1 6 17 3 15 0 
13 10 12 19 16 14 
9 2 7 19 11 14 8 1 6 17 3 15 0 
9 2 7 19 11 14 8 1 6 17 3 15 0 
9 2 7 19 11 14 8 1 6 17 3 15 0 
10 16 14 5 15 6 18 12 7 
10 7 8 11 17 18 19 14 9 15 4 2 5 12 1 16 0 3 13 6 
17 15 10 5 8 2 6 1 
9 2 7 19 11 14 8 1 6 17 3 15 0 
10 7 8 11 17 18 19 14 9 15 4 2 5 12 1 16 0 3 13 6 
13 10 12 19 16 14 
9 2 7 19 11 14 8 1 6 17 3 15 0 
17 18 0 7 10 12 16 11 13 3 9 15 
17 11 18 7 10 8 19 1 13 0 16 14 15 3 12 5 2 6 9 4 
10 7 8 11 17 18 19 14 9 15 4 2 5 12 1 16 0 3 13 6 
14 15 1 5 10 11 7 8 17 13 16 4 
10 7 8 11 17 18 19 14 9 15 4 2 5 12 1 16 0 3 13 6 
18 12 0 11 5 2 10 8 19 14 6 
14 15 1 5 10 11 7 8 17 13 16 4 
14 15 1 5 10 11 7 8 17 13 16 4 
9 2 7 19 11 14 8 1 6 17 3 15 0 
10 7 8 11 17 18 19 14 9 15 4 2 5 12 1 16 0 3 13 6 
9 2 7 19 11 14 8 1 6 17 3 15 0 
17 11 18 7 10 8 19 1 13 0 16 14 15 3 12 5 2 6 9 4 
9 2 7 19 11 14 8 1 6 17 3 15 0 
9 2 7 19 11 14 8 1 6 17 3 15 0 
17 10 16 3 14 11 7 15 5 6 18 12 2 
9 2 7 19 11 14 8 1 6 17 3 15 0 
9 2 7 19 11 14 8 1 6 17 3 15 0 
9 2 7 19 11 14 8 1 6 17 3 15 0 
9 2 7 19 11 14 8 1 6 17 3 15 0 
9 2 7 19 11 14 8 1 6 17 3 15 0 
9 2 7 19 11 14 8 1 6 17 3 15 0 
18 12 0 11 5 2 10 8 19 14 6 
9 2 7 19 11 14 8 1 6 17 3 15 0 
9 2 7 19 11 14 8 1 6 17 3 15 0 
17 18 0 7 10 12 16 11 13 3 9 15 
10 7 8 11 17 18 19 14 9 15 4 2 5 12 1 16 0 3 13 6 
17 15 10 5 8 2 6 1 
9 2 7 19 11 14 8 1 6 17 3 15 0 
9 2 7 19 11 14 8 1 6 17 3 15 0 
17 15 10 5 8 2 6 1 
9 2 7 19 11 14 8 1 6 17 3 15 0 
10 7 8 11 17 18 19 14 9 15 4 2 5 12 1 16 0 3 13 6 
10 7 8 11 17 18 19 14 9 15 4 2 5 12 1 16 0 3 13 6 
17 18 7 19 0 9 10 5 11 14 
9 2 7 19 11 14 8 1 6 17 3 15 0 
9 2 7 19 11 14 8 1 6 17 3 15 0 
9 2 7 19 11 14 8 1 6 17 3 15 0 
14 15 1 5 10 11 7 8 17 13 16 4 
9 2 7 19 11 14 8 1 6 17 3 15 0 
10 7 8 11 17 18 19 14 9 15 4 2 5 12 1 16 0 3 13 6 
7 11 10 17 9 5 16 18 0 13 15 1 3 12 4 19 14 2 8 6 
10 7 8 11 17 18 19 14 9 15 4 2 5 12 1 16 0 3 13 6 
14 15 1 5 10 11 7 8 17 13 16 4 
9 2 7 19 11 14 8 1 6 17 3 15 0 
9 2 7 19 11 14 8 1 6 17 3 15 0 
9 2 7 19 11 14 8 1 6 17 3 15 0 
9 2 7 19 11 14 8 1 6 17 3 15 0 
9 2 7 19 11 14 8 1 6 17 3 15 0 
9 2 7 19 11 14 8 1 6 17 3 15 0 
9 2 7 19 11 14 8 1 6 17 3 15 0 
13 10 12 19 16 14 
9 2 7 19 11 14 8 1 6 17 3 15 0 
19 16 13 11 10 3 12 15 5 2 7 4 8 9 1 14 0 6 17 18 
9 2 7 19 11 14 8 1 6 17 3 15 0 
10 7 8 11 17 18 19 14 9 15 4 2 5 12 1 16 0 3 13 6 
10 16 14 5 15 6 18 12 7 
9 2 7 19 11 14 8 1 6 17 3 15 0 
9 2 7 19 11 14 8 1 6 17 3 15 0 
9 2 7 19 11 14 8 1 6 17 3 15 0 
18 12 0 11 5 2 10 8 19 14 6 
9 2 7 19 11 14 8 1 6 17 3 15 0 
9 2 7 19 11 14 8 1 6 17 3 15 0 
13 10 12 19 16 14 
9 2 7 19 11 14 8 1 6 17 3 15 0 
9 2 7 19 11 14 8 1 6 17 3 15 0 
9 2 7 19 11 14 8 1 6 17 3 15 0 
10 2 19 12 0 7 17 15 3 6 14 
10 7 8 11 17 18 19 14 9 15 4 2 5 12 1 16 0 3 13 6 
9 2 7 19 11 14 8 1 6 17 3 15 0 
9 2 7 19 11 14 8 1 6 17 3 15 0 
13 10 12 19 16 14 
9 2 7 19 11 14 8 1 6 17 3 15 0 
9 2 7 19 11 14 8 1 6 17 3 15 0 
9 2 7 19 11 14 8 1 6 17 3 15 0 
10 7 8 11 17 18 19 14 9 15 4 2 5 12 1 16 0 3 13 6 
9 2 7 19 11 14 8 1 6 17 3 15 0 
9 2 7 19 11 14 8 1 6 17 3 15 0 
17 18 7 19 0 9 10 5 11 14 
9 2 7 19 11 14 8 1 6 17 3 15 0 
10 2 19 12 0 7 17 15 3 6 14 
8 19 15 14 12 11 9 7 18 
9 2 7 19 11 14 8 1 6 17 3 15 0 
10 7 8 11 17 18 19 14 9 15 4 2 5 12 1 16 0 3 13 6 
9 2 7 19 11 14 8 1 6 17 3 15 0 
17 18 0 7 10 12 16 11 13 3 9 15 
9 2 7 19 11 14 8 1 6 17 3 15 0 
9 2 7 19 11 14 8 1 6 17 3 15 0 
9 2 7 19 11 14 8 1 6 17 3 15 0 
9 2 7 19 11 14 8 1 6 17 3 15 0 
9 2 7 19 11 14 8 1 6 17 3 15 0 
9 2 7 19 11 14 8 1 6 17 3 15 0 
18 12 0 11 5 2 10 8 19 14 6 
9 2 7 19 11 14 8 1 6 17 3 15 0 
10 7 8 11 17 18 19 14 9 15 4 2 5 12 1 16 0 3 13 6 
14 15 1 5 10 11 7 8 17 13 16 4 
18 12 0 11 5 2 10 8 19 14 6 
17 18 0 7 10 12 16 3 11 13 9 
10 7 8 11 17 18 19 14 9 15 4 2 5 12 1 16 0 3 13 6 
18 12 0 11 5 10 19 8 14 2 6 16 
9 2 7 19 11 14 8 1 6 17 3 15 0 
9 2 7 19 11 14 8 1 6 17 3 15 0 
9 2 7 19 11 14 8 1 6 17 3 15 0 
7 15 11 19 6 17 0 
10 7 8 11 17 18 19 14 9 15 4 2 5 12 1 16 0 3 13 6 
15 6 10 1 4 8 0 
10 7 8 11 17 18 19 14 9 15 4 2 5 12 1 16 0 3 13 6 
9 2 7 19 11 14 8 1 6 17 3 15 0 
9 2 7 19 11 14 8 1 6 17 3 15 0 
9 2 7 19 11 14 8 1 6 17 3 15 0 
9 2 7 19 11 14 8 1 6 17 3 15 0 
10 7 8 11 17 18 19 14 9 15 4 2 5 12 1 16 0 3 13 6 
9 2 7 19 11 14 8 1 6 17 3 15 0 
9 2 7 19 11 14 8 1 6 17 3 15 0 
9 2 7 19 11 14 8 1 6 17 3 15 0 
10 7 8 11 17 18 19 14 9 15 4 2 5 12 1 16 0 3 13 6 
9 2 7 19 11 14 8 1 6 17 3 15 0 
17 18 0 7 10 12 16 3 11 13 9 
9 2 7 19 11 14 8 1 6 17 3 15 0 
13 10 12 19 16 14 
9 2 7 19 11 14 8 1 6 17 3 15 0 
9 2 7 19 11 14 8 1 6 17 3 15 0 
14 15 1 5 10 11 7 8 17 13 16 4 
9 2 7 19 11 14 8 1 6 17 3 15 0 
9 2 7 19 11 14 8 1 6 17 3 15 0 
9 2 7 19 11 14 8 1 6 17 3 15 0 
9 2 7 19 11 14 8 1 6 17 3 15 0 
17 18 7 19 0 9 10 5 11 14 
10 7 8 11 17 18 19 14 9 15 4 2 5 12 1 16 0 3 13 6 
17 15 10 5 8 2 6 1 
9 2 7 19 11 14 8 1 6 17 3 15 0 
9 2 7 19 11 14 8 1 6 17 3 15 0 
10 7 8 11 17 18 19 14 9 15 4 2 5 12 1 16 0 3 13 6 
18 12 0 11 5 2 10 8 19 14 6 
9 2 7 19 11 14 8 1 6 17 3 15 0 
10 17 19 14 9 7 5 16 3 4 1 11 12 0 15 13 8 18 2 6 
9 2 7 19 11 14 8 1 6 17 3 15 0 
9 2 7 19 11 14 8 1 6 17 3 15 0 
9 2 7 19 11 14 8 1 6 17 3 15 0 
9 2 7 19 11 14 8 1 6 17 3 15 0 
10 2 19 12 0 7 17 15 3 6 14 
9 2 7 19 11 14 8 1 6 17 3 15 0 
10 7 8 11 17 18 19 14 9 15 4 2 5 12 1 16 0 3 13 6 
9 2 7 19 11 14 8 1 6 17 3 15 0 
9 2 7 19 11 14 8 1 6 17 3 15 0 
10 7 8 11 17 18 19 14 9 15 4 2 5 12 1 16 0 3 13 6 
9 2 7 19 11 14 8 1 6 17 3 15 0 
10 7 8 11 17 18 19 14 9 15 4 2 5 12 1 16 0 3 13 6 
9 2 7 19 11 14 8 1 6 17 3 15 0 
9 2 7 19 11 14 8 1 6 17 3 15 0 
9 2 7 19 11 14 8 1 6 17 3 15 0 
8 19 15 14 12 11 9 7 18 
18 12 0 11 5 10 19 8 14 2 6 16 
9 2 7 19 11 14 8 1 6 17 3 15 0 
9 2 7 19 11 14 8 1 6 17 3 15 0 
9 2 7 19 11 14 8 1 6 17 3 15 0 
9 2 7 19 11 14 8 1 6 17 3 15 0 
9 2 7 19 11 14 8 1 6 17 3 15 0 
9 2 7 19 11 14 8 1 6 17 3 15 0 
17 15 10 5 8 2 6 1 
9 2 7 19 11 14 8 1 6 17 3 15 0 
9 2 7 19 11 14 8 1 6 17 3 15 0 
13 10 12 19 16 14 
9 2 7 19 11 14 8 1 6 17 3 15 0 
9 2 7 19 11 14 8 1 6 17 3 15 0 
9 2 7 19 11 14 8 1 6 17 3 15 0 
9 2 7 19 11 14 8 1 6 17 3 15 0 
18 12 0 11 5 10 19 8 14 2 6 16 
9 2 7 19 11 14 8 1 6 17 3 15 0 
10 7 8 11 17 18 19 14 9 15 4 2 5 12 1 16 0 3 13 6 
9 2 7 19 11 14 8 1 6 17 3 15 0 
9 2 7 19 11 14 8 1 6 17 3 15 0 
9 2 7 19 11 14 8 1 6 17 3 15 0 
17 15 10 5 8 2 6 1 
1 11 9 13 4 18 3 10 
9 2 7 19 11 14 8 1 6 17 3 15 0 
9 2 7 19 11 14 8 1 6 17 3 15 0 
9 2 7 19 11 14 8 1 6 17 3 15 0 
9 2 7 19 11 14 8 1 6 17 3 15 0 
10 7 8 11 17 18 19 14 9 15 4 2 5 12 1 16 0 3 13 6 
17 18 0 7 10 12 16 11 13 3 9 15 
9 2 7 19 11 14 8 1 6 17 3 15 0 
9 2 7 19 11 14 8 1 6 17 3 15 0 
9 2 7 19 11 14 8 1 6 17 3 15 0 
9 2 7 19 11 14 8 1 6 17 3 15 0 
17 15 10 5 8 2 6 1 
8 19 15 14 12 11 9 7 18 
9 2 7 19 11 14 8 1 6 17 3 15 0 
9 2 7 19 11 14 8 1 6 17 3 15 0 
9 2 7 19 11 14 8 1 6 17 3 15 0 
9 2 7 19 11 14 8 1 6 17 3 15 0 
9 2 7 19 11 14 8 1 6 17 3 15 0 
14 15 1 5 10 11 7 8 17 13 16 4 
18 12 0 11 5 10 19 8 14 2 6 16 
10 16 14 5 15 6 18 12 7 
10 7 8 11 17 18 19 14 9 15 4 2 5 12 1 16 0 3 13 6 
10 16 14 5 15 6 18 12 7 
10 7 8 11 17 18 19 14 9 15 4 2 5 12 1 16 0 3 13 6 
9 2 7 19 11 14 8 1 6 17 3 15 0 
9 2 7 19 11 14 8 1 6 17 3 15 0 
10 7 8 11 17 18 19 14 9 15 4 2 5 12 1 16 0 3 13 6 
9 2 7 19 11 14 8 1 6 17 3 15 0 
9 2 7 19 11 14 8 1 6 17 3 15 0 
9 2 7 19 11 14 8 1 6 17 3 15 0 
9 2 7 19 11 14 8 1 6 17 3 15 0 
10 7 8 11 17 18 19 14 9 15 4 2 5 12 1 16 0 3 13 6 
9 2 7 19 11 14 8 1 6 17 3 15 0 
9 2 7 19 11 14 8 1 6 17 3 15 0 
9 2 7 19 11 14 8 1 6 17 3 15 0 
10 7 8 11 17 18 19 14 9 15 4 2 5 12 1 16 0 3 13 6 
9 2 7 19 11 14 8 1 6 17 3 15 0 
9 2 7 19 11 14 8 1 6 17 3 15 0 
18 12 0 11 5 2 10 8 19 14 6 
10 7 8 11 17 18 19 14 9 15 4 2 5 12 1 16 0 3 13 6 
9 2 7 19 11 14 8 1 6 17 3 15 0 
9 2 7 19 11 14 8 1 6 17 3 15 0 
9 2 7 19 11 14 8 1 6 17 3 15 0 
18 12 0 11 5 10 19 8 14 2 6 16 
9 2 7 19 11 14 8 1 6 17 3 15 0 
9 2 7 19 11 14 8 1 6 17 3 15 0 
9 2 7 19 11 14 8 1 6 17 3 15 0 
9 2 7 19 11 14 8 1 6 17 3 15 0 
19 16 13 11 10 3 12 15 5 2 7 4 8 9 1 14 0 6 17 18 
18 12 0 11 5 10 19 8 14 2 6 16 
9 2 7 19 11 14 8 1 6 17 3 15 0 
8 19 15 14 12 11 9 7 18 
10 16 14 5 15 6 18 12 7 
9 2 7 19 11 14 8 1 6 17 3 15 0 
9 2 7 19 11 14 8 1 6 17 3 15 0 
14 15 1 5 10 11 7 8 17 13 16 4 
9 2 7 19 11 14 8 1 6 17 3 15 0 
9 2 7 19 11 14 8 1 6 17 3 15 0 
10 7 8 11 17 18 19 14 9 15 4 2 5 12 1 16 0 3 13 6 
17 18 7 19 0 9 10 5 11 14 
9 2 7 19 11 14 8 1 6 17 3 15 0 
9 2 7 19 11 14 8 1 6 17 3 15 0 
17 19 14 9 7 8 12 
15 6 10 1 4 8 0 
8 19 15 14 12 11 9 7 18 
10 7 8 11 17 18 19 14 9 15 4 2 5 12 1 16 0 3 13 6 
9 2 7 19 11 14 8 1 6 17 3 15 0 
9 2 7 19 11 14 8 1 6 17 3 15 0 
10 7 8 11 17 18 19 14 9 15 4 2 5 12 1 16 0 3 13 6 
9 2 7 19 11 14 8 1 6 17 3 15 0 
10 7 8 11 17 18 19 14 9 15 4 2 5 12 1 16 0 3 13 6 
10 7 8 11 17 18 19 14 9 15 4 2 5 12 1 16 0 3 13 6 
9 2 7 19 11 14 8 1 6 17 3 15 0 
13 10 12 19 16 14 
10 7 8 11 17 18 19 14 9 15 4 2 5 12 1 16 0 3 13 6 
9 2 7 19 11 14 8 1 6 17 3 15 0 
17 18 0 7 10 12 16 11 13 3 9 15 
13 10 12 19 16 14 
9 2 7 19 11 14 8 1 6 17 3 15 0 
11 18 4 6 15 8 7 9 5 10 17 16 12 3 19 14 1 2 0 13 
9 2 7 19 11 14 8 1 6 17 3 15 0 
9 2 7 19 11 14 8 1 6 17 3 15 0 
9 2 7 19 11 14 8 1 6 17 3 15 0 
9 2 7 19 11 14 8 1 6 17 3 15 0 
16 0 3 10 1 19 2 17 18 9 15 
18 12 0 11 5 2 10 8 19 14 6 
9 2 7 19 11 14 8 1 6 17 3 15 0 
9 2 7 19 11 14 8 1 6 17 3 15 0 
9 2 7 19 11 14 8 1 6 17 3 15 0 
10 7 8 11 17 18 19 14 9 15 4 2 5 12 1 16 0 3 13 6 
9 2 7 19 11 14 8 1 6 17 3 15 0 
9 2 7 19 11 14 8 1 6 17 3 15 0 
9 2 7 19 11 14 8 1 6 17 3 15 0 
10 7 8 11 17 18 19 14 9 15 4 2 5 12 1 16 0 3 13 6 
9 2 7 19 11 14 8 1 6 17 3 15 0 
10 7 8 11 17 18 19 14 9 15 4 2 5 12 1 16 0 3 13 6 
3 0 1 2 16 10 19 18 17 9 15 
9 2 7 19 11 14 8 1 6 17 3 15 0 
9 2 7 19 11 14 8 1 6 17 3 15 0 
9 2 7 19 11 14 8 1 6 17 3 15 0 
9 2 7 19 11 14 8 1 6 17 3 15 0 
9 2 7 19 11 14 8 1 6 17 3 15 0 
9 2 7 19 11 14 8 1 6 17 3 15 0 
9 2 7 19 11 14 8 1 6 17 3 15 0 
9 2 7 19 11 14 8 1 6 17 3 15 0 
9 2 7 19 11 14 8 1 6 17 3 15 0 
9 2 7 19 11 14 8 1 6 17 3 15 0 
10 7 8 11 17 18 19 14 9 15 4 2 5 12 1 16 0 3 13 6 
9 2 7 19 11 14 8 1 6 17 3 15 0 
10 7 8 11 17 18 19 14 9 15 4 2 5 12 1 16 0 3 13 6 
9 2 7 19 11 14 8 1 6 17 3 15 0 
9 2 7 19 11 14 8 1 6 17 3 15 0 
9 2 7 19 11 14 8 1 6 17 3 15 0 
9 2 7 19 11 14 8 1 6 17 3 15 0 
9 2 7 19 11 14 8 1 6 17 3 15 0 
9 2 7 19 11 14 8 1 6 17 3 15 0 
9 2 7 19 11 14 8 1 6 17 3 15 0 
10 7 8 11 17 18 19 14 9 15 4 2 5 12 1 16 0 3 13 6 
9 2 7 19 11 14 8 1 6 17 3 15 0 
9 2 7 19 11 14 8 1 6 17 3 15 0 
9 2 7 19 11 14 8 1 6 17 3 15 0 
9 2 7 19 11 14 8 1 6 17 3 15 0 
9 2 7 19 11 14 8 1 6 17 3 15 0 
9 2 7 19 11 14 8 1 6 17 3 15 0 
9 2 7 19 11 14 8 1 6 17 3 15 0 
9 2 7 19 11 14 8 1 6 17 3 15 0 
9 2 7 19 11 14 8 1 6 17 3 15 0 
10 16 14 5 15 6 18 12 7 
8 19 15 14 12 11 9 7 18 
9 2 7 19 11 14 8 1 6 17 3 15 0 
9 2 7 19 11 14 8 1 6 17 3 15 0 
9 2 7 19 11 14 8 1 6 17 3 15 0 
10 7 8 11 17 18 19 14 9 15 4 2 5 12 1 16 0 3 13 6 
7 15 11 19 6 17 0 
10 7 8 11 17 18 19 14 9 15 4 2 5 12 1 16 0 3 13 6 
9 2 7 19 11 14 8 1 6 17 3 15 0 
9 2 7 19 11 14 8 1 6 17 3 15 0 
9 2 7 19 11 14 8 1 6 17 3 15 0 
9 2 7 19 11 14 8 1 6 17 3 15 0 
9 2 7 19 11 14 8 1 6 17 3 15 0 
17 15 10 5 8 2 6 1 
9 2 7 19 11 14 8 1 6 17 3 15 0 
9 2 7 19 11 14 8 1 6 17 3 15 0 
10 7 8 11 17 18 19 14 9 15 4 2 5 12 1 16 0 3 13 6 
9 2 7 19 11 14 8 1 6 17 3 15 0 
9 2 7 19 11 14 8 1 6 17 3 15 0 
9 2 7 19 11 14 8 1 6 17 3 15 0 
9 2 7 19 11 14 8 1 6 17 3 15 0 
10 16 14 5 15 6 18 12 7 
9 2 7 19 11 14 8 1 6 17 3 15 0 
9 2 7 19 11 14 8 1 6 17 3 15 0 
9 2 7 19 11 14 8 1 6 17 3 15 0 
11 18 4 6 15 8 7 9 5 10 17 16 12 3 19 14 1 2 0 13 
9 2 7 19 11 14 8 1 6 17 3 15 0 
7 11 10 17 9 5 16 18 0 13 15 1 3 12 4 19 14 2 8 6 
9 2 7 19 11 14 8 1 6 17 3 15 0 
10 16 14 5 15 6 18 12 7 
10 7 8 11 17 18 19 14 9 15 4 2 5 12 1 16 0 3 13 6 
18 12 0 11 5 10 19 8 14 2 6 16 
9 2 7 19 11 14 8 1 6 17 3 15 0 
17 19 14 9 7 8 12 
9 2 7 19 11 14 8 1 6 17 3 15 0 
10 7 8 11 17 18 19 14 9 15 4 2 5 12 1 16 0 3 13 6 
9 2 7 19 11 14 8 1 6 17 3 15 0 
9 2 7 19 11 14 8 1 6 17 3 15 0 
9 2 7 19 11 14 8 1 6 17 3 15 0 
14 15 1 5 10 11 7 8 17 13 16 4 
8 19 15 14 12 11 9 7 18 
17 19 14 9 7 8 12 
9 2 7 19 11 14 8 1 6 17 3 15 0 
9 2 7 19 11 14 8 1 6 17 3 15 0 
10 7 8 11 17 18 19 14 9 15 4 2 5 12 1 16 0 3 13 6 
14 15 1 5 10 11 7 8 17 13 16 4 
13 10 12 19 16 14 
9 2 7 19 11 14 8 1 6 17 3 15 0 
17 18 0 7 10 12 16 11 13 3 9 15 
9 2 7 19 11 14 8 1 6 17 3 15 0 
8 19 15 14 12 11 9 7 18 
9 2 7 19 11 14 8 1 6 17 3 15 0 
9 2 7 19 11 14 8 1 6 17 3 15 0 
9 2 7 19 11 14 8 1 6 17 3 15 0 
10 7 8 11 17 18 19 14 9 15 4 2 5 12 1 16 0 3 13 6 
9 2 7 19 11 14 8 1 6 17 3 15 0 
9 2 7 19 11 14 8 1 6 17 3 15 0 
9 2 7 19 11 14 8 1 6 17 3 15 0 
10 7 8 11 17 18 19 14 9 15 4 2 5 12 1 16 0 3 13 6 
9 2 7 19 11 14 8 1 6 17 3 15 0 
10 7 8 11 17 18 19 14 9 15 4 2 5 12 1 16 0 3 13 6 
10 7 8 11 17 18 19 14 9 15 4 2 5 12 1 16 0 3 13 6 
9 2 7 19 11 14 8 1 6 17 3 15 0 
9 2 7 19 11 14 8 1 6 17 3 15 0 
17 15 10 5 8 2 6 1 
13 10 12 19 16 14 
9 2 7 19 11 14 8 1 6 17 3 15 0 
10 7 8 11 17 18 19 14 9 15 4 2 5 12 1 16 0 3 13 6 
9 2 7 19 11 14 8 1 6 17 3 15 0 
9 2 7 19 11 14 8 1 6 17 3 15 0 
9 2 7 19 11 14 8 1 6 17 3 15 0 
9 2 7 19 11 14 8 1 6 17 3 15 0 
10 7 8 11 17 18 19 14 9 15 4 2 5 12 1 16 0 3 13 6 
8 19 15 14 12 11 9 7 18 
18 12 0 11 5 2 10 8 19 14 6 
9 2 7 19 11 14 8 1 6 17 3 15 0 
9 2 7 19 11 14 8 1 6 17 3 15 0 
9 2 7 19 11 14 8 1 6 17 3 15 0 
10 7 8 11 17 18 19 14 9 15 4 2 5 12 1 16 0 3 13 6 
9 2 7 19 11 14 8 1 6 17 3 15 0 
9 2 7 19 11 14 8 1 6 17 3 15 0 
9 2 7 19 11 14 8 1 6 17 3 15 0 
17 15 10 5 8 2 6 1 
9 2 7 19 11 14 8 1 6 17 3 15 0 
9 2 7 19 11 14 8 1 6 17 3 15 0 
9 2 7 19 11 14 8 1 6 17 3 15 0 
10 7 8 11 17 18 19 14 9 15 4 2 5 12 1 16 0 3 13 6 
10 7 8 11 17 18 19 14 9 15 4 2 5 12 1 16 0 3 13 6 
10 7 8 11 17 18 19 14 9 15 4 2 5 12 1 16 0 3 13 6 
17 15 10 5 8 2 6 1 
9 2 7 19 11 14 8 1 6 17 3 15 0 
9 2 7 19 11 14 8 1 6 17 3 15 0 
9 2 7 19 11 14 8 1 6 17 3 15 0 
7 11 10 17 9 5 16 18 0 13 15 1 3 12 4 19 14 2 8 6 
9 2 7 19 11 14 8 1 6 17 3 15 0 
17 18 7 19 0 9 10 5 11 14 
18 12 0 11 5 10 19 8 14 2 6 16 
9 2 7 19 11 14 8 1 6 17 3 15 0 
9 2 7 19 11 14 8 1 6 17 3 15 0 
9 2 7 19 11 14 8 1 6 17 3 15 0 
9 2 7 19 11 14 8 1 6 17 3 15 0 
9 2 7 19 11 14 8 1 6 17 3 15 0 
9 2 7 19 11 14 8 1 6 17 3 15 0 
7 12 10 11 3 19 2 6 13 4 18 5 0 
10 7 8 11 17 18 19 14 9 15 4 2 5 12 1 16 0 3 13 6 
9 2 7 19 11 14 8 1 6 17 3 15 0 
9 2 7 19 11 14 8 1 6 17 3 15 0 
9 2 7 19 11 14 8 1 6 17 3 15 0 
17 18 0 7 10 12 16 3 11 13 9 
9 2 7 19 11 14 8 1 6 17 3 15 0 
9 2 7 19 11 14 8 1 6 17 3 15 0 
9 2 7 19 11 14 8 1 6 17 3 15 0 
9 2 7 19 11 14 8 1 6 17 3 15 0 
9 2 7 19 11 14 8 1 6 17 3 15 0 
11 18 4 6 15 8 7 9 5 10 17 16 12 3 19 14 1 2 0 13 
14 15 1 5 10 11 7 8 17 13 16 4 
9 2 7 19 11 14 8 1 6 17 3 15 0 
9 2 7 19 11 14 8 1 6 17 3 15 0 
1 11 9 13 4 18 3 10 
9 2 7 19 11 14 8 1 6 17 3 15 0 
10 7 8 11 17 18 19 14 9 15 4 2 5 12 1 16 0 3 13 6 
10 7 8 11 17 18 19 14 9 15 4 2 5 12 1 16 0 3 13 6 
10 7 8 11 17 18 19 14 9 15 4 2 5 12 1 16 0 3 13 6 
9 2 7 19 11 14 8 1 6 17 3 15 0 
10 2 19 12 0 7 17 15 3 6 14 
9 2 7 19 11 14 8 1 6 17 3 15 0 
9 2 7 19 11 14 8 1 6 17 3 15 0 
17 18 0 7 10 12 16 11 13 3 9 15 
9 2 7 19 11 14 8 1 6 17 3 15 0 
18 12 0 11 5 2 10 8 19 14 6 
10 7 8 11 17 18 19 14 9 15 4 2 5 12 1 16 0 3 13 6 
9 2 7 19 11 14 8 1 6 17 3 15 0 
9 2 7 19 11 14 8 1 6 17 3 15 0 
9 2 7 19 11 14 8 1 6 17 3 15 0 
10 7 15 8 12 9 18 14 11 0 16 19 5 4 17 2 13 6 1 3 
9 2 7 19 11 14 8 1 6 17 3 15 0 
13 10 12 19 16 14 
9 2 7 19 11 14 8 1 6 17 3 15 0 
9 2 7 19 11 14 8 1 6 17 3 15 0 
9 2 7 19 11 14 8 1 6 17 3 15 0 
9 2 7 19 11 14 8 1 6 17 3 15 0 
9 2 7 19 11 14 8 1 6 17 3 15 0 
9 2 7 19 11 14 8 1 6 17 3 15 0 
9 2 7 19 11 14 8 1 6 17 3 15 0 
9 2 7 19 11 14 8 1 6 17 3 15 0 
9 2 7 19 11 14 8 1 6 17 3 15 0 
10 17 19 14 9 7 5 16 3 4 1 11 12 0 15 13 8 18 2 6 
9 2 7 19 11 14 8 1 6 17 3 15 0 
9 2 7 19 11 14 8 1 6 17 3 15 0 
9 2 7 19 11 14 8 1 6 17 3 15 0 
9 2 7 19 11 14 8 1 6 17 3 15 0 
13 10 12 19 16 14 
9 2 7 19 11 14 8 1 6 17 3 15 0 
17 18 0 7 10 12 16 3 11 13 9 
9 2 7 19 11 14 8 1 6 17 3 15 0 
9 2 7 19 11 14 8 1 6 17 3 15 0 
14 15 1 5 10 11 7 8 17 13 16 4 
13 10 12 19 16 14 
9 2 7 19 11 14 8 1 6 17 3 15 0 
10 7 8 11 17 18 19 14 9 15 4 2 5 12 1 16 0 3 13 6 
9 2 7 19 11 14 8 1 6 17 3 15 0 
9 2 7 19 11 14 8 1 6 17 3 15 0 
9 2 7 19 11 14 8 1 6 17 3 15 0 
9 2 7 19 11 14 8 1 6 17 3 15 0 
18 11 4 6 8 15 3 17 
9 2 7 19 11 14 8 1 6 17 3 15 0 
17 11 18 7 10 8 19 1 13 0 16 14 15 3 12 5 2 6 9 4 
10 7 8 11 17 18 19 14 9 15 4 2 5 12 1 16 0 3 13 6 
17 15 10 5 8 2 6 1 
9 2 7 19 11 14 8 1 6 17 3 15 0 
9 2 7 19 11 14 8 1 6 17 3 15 0 
9 2 7 19 11 14 8 1 6 17 3 15 0 
17 15 10 5 8 2 6 1 
9 2 7 19 11 14 8 1 6 17 3 15 0 
9 2 7 19 11 14 8 1 6 17 3 15 0 
9 2 7 19 11 14 8 1 6 17 3 15 0 
13 10 12 19 16 14 
9 2 7 19 11 14 8 1 6 17 3 15 0 
10 7 8 11 17 18 19 14 9 15 4 2 5 12 1 16 0 3 13 6 
7 11 10 17 9 5 16 18 0 13 15 1 3 12 4 19 14 2 8 6 
9 2 7 19 11 14 8 1 6 17 3 15 0 
9 2 7 19 11 14 8 1 6 17 3 15 0 
18 11 4 6 8 15 3 17 
9 2 7 19 11 14 8 1 6 17 3 15 0 
14 15 1 5 10 11 7 8 17 13 16 4 
10 17 19 14 9 7 5 16 3 4 1 11 12 0 15 13 8 18 2 6 
17 18 7 19 0 9 10 5 11 14 
13 10 12 19 16 14 
7 11 10 17 9 5 16 18 0 13 15 1 3 12 4 19 14 2 8 6 
9 2 7 19 11 14 8 1 6 17 3 15 0 
9 2 7 19 11 14 8 1 6 17 3 15 0 
17 18 7 19 0 9 10 5 11 14 
9 2 7 19 11 14 8 1 6 17 3 15 0 
9 2 7 19 11 14 8 1 6 17 3 15 0 
9 2 7 19 11 14 8 1 6 17 3 15 0 
13 10 12 19 16 14 
9 2 7 19 11 14 8 1 6 17 3 15 0 
10 7 8 11 17 18 19 14 9 15 4 2 5 12 1 16 0 3 13 6 
17 18 7 19 0 9 10 5 11 14 
9 2 7 19 11 14 8 1 6 17 3 15 0 
9 2 7 19 11 14 8 1 6 17 3 15 0 
17 11 18 7 10 8 19 1 13 0 16 14 15 3 12 5 2 6 9 4 
17 18 0 7 10 12 16 3 11 13 9 
10 7 8 11 17 18 19 14 9 15 4 2 5 12 1 16 0 3 13 6 
9 2 7 19 11 14 8 1 6 17 3 15 0 
9 2 7 19 11 14 8 1 6 17 3 15 0 
9 2 7 19 11 14 8 1 6 17 3 15 0 
9 2 7 19 11 14 8 1 6 17 3 15 0 
9 2 7 19 11 14 8 1 6 17 3 15 0 
9 2 7 19 11 14 8 1 6 17 3 15 0 
9 2 7 19 11 14 8 1 6 17 3 15 0 
9 2 7 19 11 14 8 1 6 17 3 15 0 
9 2 7 19 11 14 8 1 6 17 3 15 0 
10 7 8 11 17 18 19 14 9 15 4 2 5 12 1 16 0 3 13 6 
9 2 7 19 11 14 8 1 6 17 3 15 0 
9 2 7 19 11 14 8 1 6 17 3 15 0 
9 2 7 19 11 14 8 1 6 17 3 15 0 
9 2 7 19 11 14 8 1 6 17 3 15 0 
9 2 7 19 11 14 8 1 6 17 3 15 0 
9 2 7 19 11 14 8 1 6 17 3 15 0 
9 2 7 19 11 14 8 1 6 17 3 15 0 
9 2 7 19 11 14 8 1 6 17 3 15 0 
14 15 1 5 10 11 7 8 17 13 16 4 
7 11 10 17 9 5 16 18 0 13 15 1 3 12 4 19 14 2 8 6 
9 2 7 19 11 14 8 1 6 17 3 15 0 
9 2 7 19 11 14 8 1 6 17 3 15 0 
9 2 7 19 11 14 8 1 6 17 3 15 0 
9 2 7 19 11 14 8 1 6 17 3 15 0 
9 2 7 19 11 14 8 1 6 17 3 15 0 
9 2 7 19 11 14 8 1 6 17 3 15 0 
9 2 7 19 11 14 8 1 6 17 3 15 0 
17 19 14 9 7 8 12 
9 2 7 19 11 14 8 1 6 17 3 15 0 
9 2 7 19 11 14 8 1 6 17 3 15 0 
9 2 7 19 11 14 8 1 6 17 3 15 0 
9 2 7 19 11 14 8 1 6 17 3 15 0 
9 2 7 19 11 14 8 1 6 17 3 15 0 
9 2 7 19 11 14 8 1 6 17 3 15 0 
9 2 7 19 11 14 8 1 6 17 3 15 0 
9 2 7 19 11 14 8 1 6 17 3 15 0 
9 2 7 19 11 14 8 1 6 17 3 15 0 
9 2 7 19 11 14 8 1 6 17 3 15 0 
9 2 7 19 11 14 8 1 6 17 3 15 0 
14 15 1 5 10 11 7 8 17 13 16 4 
9 2 7 19 11 14 8 1 6 17 3 15 0 
9 2 7 19 11 14 8 1 6 17 3 15 0 
9 2 7 19 11 14 8 1 6 17 3 15 0 
9 2 7 19 11 14 8 1 6 17 3 15 0 
18 12 0 11 5 2 10 8 19 14 6 
13 10 12 19 16 14 
10 7 8 11 17 18 19 14 9 15 4 2 5 12 1 16 0 3 13 6 
9 12 16 7 0 10 5 3 13 
9 2 7 19 11 14 8 1 6 17 3 15 0 
7 3 13 17 5 16 0 14 10 
9 2 7 19 11 14 8 1 6 17 3 15 0 
9 2 7 19 11 14 8 1 6 17 3 15 0 
10 7 8 11 17 18 19 14 9 15 4 2 5 12 1 16 0 3 13 6 
9 2 7 19 11 14 8 1 6 17 3 15 0 
9 2 7 19 11 14 8 1 6 17 3 15 0 
9 2 7 19 11 14 8 1 6 17 3 15 0 
9 2 7 19 11 14 8 1 6 17 3 15 0 
9 2 7 19 11 14 8 1 6 17 3 15 0 
9 2 7 19 11 14 8 1 6 17 3 15 0 
9 2 7 19 11 14 8 1 6 17 3 15 0 
10 7 8 11 17 18 19 14 9 15 4 2 5 12 1 16 0 3 13 6 
9 2 7 19 11 14 8 1 6 17 3 15 0 
9 2 7 19 11 14 8 1 6 17 3 15 0 
9 2 7 19 11 14 8 1 6 17 3 15 0 
10 17 19 14 9 7 5 16 3 4 1 11 12 0 15 13 8 18 2 6 
10 7 15 8 12 9 18 14 11 0 16 19 5 4 17 2 13 6 1 3 
17 18 7 19 0 9 10 5 11 14 
10 7 8 11 17 18 19 14 9 15 4 2 5 12 1 16 0 3 13 6 
10 7 15 8 12 9 18 14 11 0 16 19 5 4 17 2 13 6 1 3 
9 2 7 19 11 14 8 1 6 17 3 15 0 
9 2 7 19 11 14 8 1 6 17 3 15 0 
9 2 7 19 11 14 8 1 6 17 3 15 0 
9 2 7 19 11 14 8 1 6 17 3 15 0 
9 2 7 19 11 14 8 1 6 17 3 15 0 
9 2 7 19 11 14 8 1 6 17 3 15 0 
9 2 7 19 11 14 8 1 6 17 3 15 0 
9 2 7 19 11 14 8 1 6 17 3 15 0 
9 2 7 19 11 14 8 1 6 17 3 15 0 
9 2 7 19 11 14 8 1 6 17 3 15 0 
17 18 7 19 0 9 10 5 11 14 
9 2 7 19 11 14 8 1 6 17 3 15 0 
10 7 8 11 17 18 19 14 9 15 4 2 5 12 1 16 0 3 13 6 
10 7 8 11 17 18 19 14 9 15 4 2 5 12 1 16 0 3 13 6 
9 2 7 19 11 14 8 1 6 17 3 15 0 
9 2 7 19 11 14 8 1 6 17 3 15 0 
9 2 7 19 11 14 8 1 6 17 3 15 0 
9 2 7 19 11 14 8 1 6 17 3 15 0 
9 2 7 19 11 14 8 1 6 17 3 15 0 
9 2 7 19 11 14 8 1 6 17 3 15 0 
9 2 7 19 11 14 8 1 6 17 3 15 0 
9 2 7 19 11 14 8 1 6 17 3 15 0 
9 2 7 19 11 14 8 1 6 17 3 15 0 
17 18 0 7 10 12 16 11 13 3 9 15 
17 15 10 5 8 2 6 1 
9 2 7 19 11 14 8 1 6 17 3 15 0 
17 18 0 7 10 12 16 3 11 13 9 
9 2 7 19 11 14 8 1 6 17 3 15 0 
10 16 14 5 15 6 18 12 7 
18 12 0 11 5 2 10 8 19 14 6 
9 2 7 19 11 14 8 1 6 17 3 15 0 
9 2 7 19 11 14 8 1 6 17 3 15 0 
13 10 12 19 16 14 
9 2 7 19 11 14 8 1 6 17 3 15 0 
9 2 7 19 11 14 8 1 6 17 3 15 0 
17 15 10 5 8 2 6 1 
9 2 7 19 11 14 8 1 6 17 3 15 0 
9 2 7 19 11 14 8 1 6 17 3 15 0 
10 7 8 11 17 18 19 14 9 15 4 2 5 12 1 16 0 3 13 6 
9 2 7 19 11 14 8 1 6 17 3 15 0 
10 7 8 11 17 18 19 14 9 15 4 2 5 12 1 16 0 3 13 6 
9 2 7 19 11 14 8 1 6 17 3 15 0 
17 18 0 7 10 12 16 11 13 3 9 15 
9 2 7 19 11 14 8 1 6 17 3 15 0 
9 2 7 19 11 14 8 1 6 17 3 15 0 
9 2 7 19 11 14 8 1 6 17 3 15 0 
9 2 7 19 11 14 8 1 6 17 3 15 0 
17 15 10 5 8 2 6 1 
9 2 7 19 11 14 8 1 6 17 3 15 0 
9 2 7 19 11 14 8 1 6 17 3 15 0 
17 18 7 19 0 9 10 5 11 14 
9 2 7 19 11 14 8 1 6 17 3 15 0 
18 12 0 11 5 2 10 8 19 14 6 
14 15 1 5 10 11 7 8 17 13 16 4 
9 2 7 19 11 14 8 1 6 17 3 15 0 
17 18 0 7 10 12 16 3 11 13 9 
9 2 7 19 11 14 8 1 6 17 3 15 0 
10 7 8 11 17 18 19 14 9 15 4 2 5 12 1 16 0 3 13 6 
10 7 8 11 17 18 19 14 9 15 4 2 5 12 1 16 0 3 13 6 
17 19 14 9 7 8 12 
17 18 7 19 0 9 10 5 11 14 
9 2 7 19 11 14 8 1 6 17 3 15 0 
9 2 7 19 11 14 8 1 6 17 3 15 0 
9 2 7 19 11 14 8 1 6 17 3 15 0 
10 7 8 11 17 18 19 14 9 15 4 2 5 12 1 16 0 3 13 6 
9 2 7 19 11 14 8 1 6 17 3 15 0 
9 2 7 19 11 14 8 1 6 17 3 15 0 
9 2 7 19 11 14 8 1 6 17 3 15 0 
9 2 7 19 11 14 8 1 6 17 3 15 0 
9 2 7 19 11 14 8 1 6 17 3 15 0 
10 7 8 11 17 18 19 14 9 15 4 2 5 12 1 16 0 3 13 6 
17 18 7 19 0 9 10 5 11 14 
9 2 7 19 11 14 8 1 6 17 3 15 0 
9 2 7 19 11 14 8 1 6 17 3 15 0 
9 2 7 19 11 14 8 1 6 17 3 15 0 
8 19 15 14 12 11 9 7 18 
9 2 7 19 11 14 8 1 6 17 3 15 0 
17 15 10 5 8 2 6 1 
10 7 8 11 17 18 19 14 9 15 4 2 5 12 1 16 0 3 13 6 
9 2 7 19 11 14 8 1 6 17 3 15 0 
14 15 1 5 10 11 7 8 17 13 16 4 
9 2 7 19 11 14 8 1 6 17 3 15 0 
10 7 8 11 17 18 19 14 9 15 4 2 5 12 1 16 0 3 13 6 
10 7 8 11 17 18 19 14 9 15 4 2 5 12 1 16 0 3 13 6 
9 2 7 19 11 14 8 1 6 17 3 15 0 
10 7 8 11 17 18 19 14 9 15 4 2 5 12 1 16 0 3 13 6 
9 2 7 19 11 14 8 1 6 17 3 15 0 
9 2 7 19 11 14 8 1 6 17 3 15 0 
9 2 7 19 11 14 8 1 6 17 3 15 0 
9 12 16 7 0 10 5 3 13 
9 2 7 19 11 14 8 1 6 17 3 15 0 
17 15 10 5 8 2 6 1 
7 11 10 17 9 5 16 18 0 13 15 1 3 12 4 19 14 2 8 6 
10 16 14 5 15 6 18 12 7 
9 2 7 19 11 14 8 1 6 17 3 15 0 
9 2 7 19 11 14 8 1 6 17 3 15 0 
10 7 8 11 17 18 19 14 9 15 4 2 5 12 1 16 0 3 13 6 
9 2 7 19 11 14 8 1 6 17 3 15 0 
9 2 7 19 11 14 8 1 6 17 3 15 0 
9 2 7 19 11 14 8 1 6 17 3 15 0 
10 7 8 11 17 18 19 14 9 15 4 2 5 12 1 16 0 3 13 6 
9 2 7 19 11 14 8 1 6 17 3 15 0 
9 2 7 19 11 14 8 1 6 17 3 15 0 
10 7 8 11 17 18 19 14 9 15 4 2 5 12 1 16 0 3 13 6 
14 15 1 5 10 11 7 8 17 13 16 4 
9 2 7 19 11 14 8 1 6 17 3 15 0 
9 2 7 19 11 14 8 1 6 17 3 15 0 
9 2 7 19 11 14 8 1 6 17 3 15 0 
18 12 0 11 5 2 10 8 19 14 6 
9 2 7 19 11 14 8 1 6 17 3 15 0 
9 2 7 19 11 14 8 1 6 17 3 15 0 
9 2 7 19 11 14 8 1 6 17 3 15 0 
9 2 7 19 11 14 8 1 6 17 3 15 0 
10 7 8 11 17 18 19 14 9 15 4 2 5 12 1 16 0 3 13 6 
9 2 7 19 11 14 8 1 6 17 3 15 0 
9 2 7 19 11 14 8 1 6 17 3 15 0 
9 2 7 19 11 14 8 1 6 17 3 15 0 
10 7 8 11 17 18 19 14 9 15 4 2 5 12 1 16 0 3 13 6 
11 18 4 6 15 8 7 9 5 10 17 16 12 3 19 14 1 2 0 13 
9 2 7 19 11 14 8 1 6 17 3 15 0 
10 7 8 11 17 18 19 14 9 15 4 2 5 12 1 16 0 3 13 6 
13 10 12 19 16 14 
9 2 7 19 11 14 8 1 6 17 3 15 0 
9 2 7 19 11 14 8 1 6 17 3 15 0 
9 2 7 19 11 14 8 1 6 17 3 15 0 
9 2 7 19 11 14 8 1 6 17 3 15 0 
9 2 7 19 11 14 8 1 6 17 3 15 0 
9 2 7 19 11 14 8 1 6 17 3 15 0 
9 2 7 19 11 14 8 1 6 17 3 15 0 
17 15 10 5 8 2 6 1 
10 7 8 11 17 18 19 14 9 15 4 2 5 12 1 16 0 3 13 6 
9 2 7 19 11 14 8 1 6 17 3 15 0 
9 2 7 19 11 14 8 1 6 17 3 15 0 
9 2 7 19 11 14 8 1 6 17 3 15 0 
9 2 7 19 11 14 8 1 6 17 3 15 0 
9 2 7 19 11 14 8 1 6 17 3 15 0 
9 2 7 19 11 14 8 1 6 17 3 15 0 
10 7 8 11 17 18 19 14 9 15 4 2 5 12 1 16 0 3 13 6 
9 2 7 19 11 14 8 1 6 17 3 15 0 
17 18 7 19 0 9 10 5 11 14 
17 19 14 9 7 8 12 
9 2 7 19 11 14 8 1 6 17 3 15 0 
9 2 7 19 11 14 8 1 6 17 3 15 0 
10 7 8 11 17 18 19 14 9 15 4 2 5 12 1 16 0 3 13 6 
9 2 7 19 11 14 8 1 6 17 3 15 0 
10 7 8 11 17 18 19 14 9 15 4 2 5 12 1 16 0 3 13 6 
9 2 7 19 11 14 8 1 6 17 3 15 0 
8 19 15 14 12 11 9 7 18 
18 12 0 11 5 2 10 8 19 14 6 
17 18 7 19 0 9 10 5 11 14 
9 2 7 19 11 14 8 1 6 17 3 15 0 
9 2 7 19 11 14 8 1 6 17 3 15 0 
9 2 7 19 11 14 8 1 6 17 3 15 0 
9 2 7 19 11 14 8 1 6 17 3 15 0 
9 2 7 19 11 14 8 1 6 17 3 15 0 
7 11 10 17 9 5 16 18 0 13 15 1 3 12 4 19 14 2 8 6 
10 7 8 11 17 18 19 14 9 15 4 2 5 12 1 16 0 3 13 6 
7 11 10 17 9 5 16 18 0 13 15 1 3 12 4 19 14 2 8 6 
9 2 7 19 11 14 8 1 6 17 3 15 0 
9 2 7 19 11 14 8 1 6 17 3 15 0 
9 2 7 19 11 14 8 1 6 17 3 15 0 
10 7 8 11 17 18 19 14 9 15 4 2 5 12 1 16 0 3 13 6 
9 2 7 19 11 14 8 1 6 17 3 15 0 
9 2 7 19 11 14 8 1 6 17 3 15 0 
9 2 7 19 11 14 8 1 6 17 3 15 0 
9 2 7 19 11 14 8 1 6 17 3 15 0 
9 2 7 19 11 14 8 1 6 17 3 15 0 
9 2 7 19 11 14 8 1 6 17 3 15 0 
9 2 7 19 11 14 8 1 6 17 3 15 0 
17 15 10 5 8 2 6 1 
17 11 18 7 10 8 19 1 13 0 16 14 15 3 12 5 2 6 9 4 
9 2 7 19 11 14 8 1 6 17 3 15 0 
10 7 8 11 17 18 19 14 9 15 4 2 5 12 1 16 0 3 13 6 
9 2 7 19 11 14 8 1 6 17 3 15 0 
10 7 8 11 17 18 19 14 9 15 4 2 5 12 1 16 0 3 13 6 
10 7 8 11 17 18 19 14 9 15 4 2 5 12 1 16 0 3 13 6 
9 2 7 19 11 14 8 1 6 17 3 15 0 
10 7 8 11 17 18 19 14 9 15 4 2 5 12 1 16 0 3 13 6 
9 2 7 19 11 14 8 1 6 17 3 15 0 
9 2 7 19 11 14 8 1 6 17 3 15 0 
9 2 7 19 11 14 8 1 6 17 3 15 0 
9 2 7 19 11 14 8 1 6 17 3 15 0 
9 2 7 19 11 14 8 1 6 17 3 15 0 
10 7 8 11 17 18 19 14 9 15 4 2 5 12 1 16 0 3 13 6 
9 2 7 19 11 14 8 1 6 17 3 15 0 
17 15 10 5 8 2 6 1 
9 2 7 19 11 14 8 1 6 17 3 15 0 
9 2 7 19 11 14 8 1 6 17 3 15 0 
9 2 7 19 11 14 8 1 6 17 3 15 0 
9 2 7 19 11 14 8 1 6 17 3 15 0 
9 2 7 19 11 14 8 1 6 17 3 15 0 
18 12 0 11 5 2 10 8 19 14 6 
9 2 7 19 11 14 8 1 6 17 3 15 0 
9 2 7 19 11 14 8 1 6 17 3 15 0 
7 11 10 17 9 5 16 18 0 13 15 1 3 12 4 19 14 2 8 6 
9 2 7 19 11 14 8 1 6 17 3 15 0 
10 7 8 11 17 18 19 14 9 15 4 2 5 12 1 16 0 3 13 6 
9 2 7 19 11 14 8 1 6 17 3 15 0 
9 2 7 19 11 14 8 1 6 17 3 15 0 
9 2 7 19 11 14 8 1 6 17 3 15 0 
9 2 7 19 11 14 8 1 6 17 3 15 0 
10 16 14 5 15 6 18 12 7 
9 2 7 19 11 14 8 1 6 17 3 15 0 
9 2 7 19 11 14 8 1 6 17 3 15 0 
10 7 8 11 17 18 19 14 9 15 4 2 5 12 1 16 0 3 13 6 
7 11 10 17 9 5 16 18 0 13 15 1 3 12 4 19 14 2 8 6 
9 2 7 19 11 14 8 1 6 17 3 15 0 
9 2 7 19 11 14 8 1 6 17 3 15 0 
9 2 7 19 11 14 8 1 6 17 3 15 0 
13 10 12 19 16 14 
10 7 8 11 17 18 19 14 9 15 4 2 5 12 1 16 0 3 13 6 
9 2 7 19 11 14 8 1 6 17 3 15 0 
10 7 8 11 17 18 19 14 9 15 4 2 5 12 1 16 0 3 13 6 
10 2 19 12 0 7 17 15 3 6 14 
9 2 7 19 11 14 8 1 6 17 3 15 0 
9 2 7 19 11 14 8 1 6 17 3 15 0 
9 2 7 19 11 14 8 1 6 17 3 15 0 
7 12 10 11 3 19 2 6 13 4 18 5 0 
9 2 7 19 11 14 8 1 6 17 3 15 0 
9 2 7 19 11 14 8 1 6 17 3 15 0 
9 2 7 19 11 14 8 1 6 17 3 15 0 
9 2 7 19 11 14 8 1 6 17 3 15 0 
9 2 7 19 11 14 8 1 6 17 3 15 0 
9 2 7 19 11 14 8 1 6 17 3 15 0 
18 12 0 11 5 2 10 8 19 14 6 
9 2 7 19 11 14 8 1 6 17 3 15 0 
9 2 7 19 11 14 8 1 6 17 3 15 0 
9 2 7 19 11 14 8 1 6 17 3 15 0 
10 7 8 11 17 18 19 14 9 15 4 2 5 12 1 16 0 3 13 6 
10 7 8 11 17 18 19 14 9 15 4 2 5 12 1 16 0 3 13 6 
9 2 7 19 11 14 8 1 6 17 3 15 0 
9 2 7 19 11 14 8 1 6 17 3 15 0 
9 2 7 19 11 14 8 1 6 17 3 15 0 
9 2 7 19 11 14 8 1 6 17 3 15 0 
9 2 7 19 11 14 8 1 6 17 3 15 0 
10 7 8 11 17 18 19 14 9 15 4 2 5 12 1 16 0 3 13 6 
7 12 10 11 3 19 2 6 13 4 18 5 0 
9 2 7 19 11 14 8 1 6 17 3 15 0 
14 15 1 5 10 11 7 8 17 13 16 4 
9 2 7 19 11 14 8 1 6 17 3 15 0 
10 16 14 5 15 6 18 12 7 
9 2 7 19 11 14 8 1 6 17 3 15 0 
9 2 7 19 11 14 8 1 6 17 3 15 0 
9 2 7 19 11 14 8 1 6 17 3 15 0 
10 7 8 11 17 18 19 14 9 15 4 2 5 12 1 16 0 3 13 6 
18 12 0 11 5 10 19 8 14 2 6 16 
9 2 7 19 11 14 8 1 6 17 3 15 0 
9 2 7 19 11 14 8 1 6 17 3 15 0 
9 2 7 19 11 14 8 1 6 17 3 15 0 
9 2 7 19 11 14 8 1 6 17 3 15 0 
9 2 7 19 11 14 8 1 6 17 3 15 0 
10 7 8 11 17 18 19 14 9 15 4 2 5 12 1 16 0 3 13 6 
9 2 7 19 11 14 8 1 6 17 3 15 0 
9 2 7 19 11 14 8 1 6 17 3 15 0 
9 2 7 19 11 14 8 1 6 17 3 15 0 
10 7 8 11 17 18 19 14 9 15 4 2 5 12 1 16 0 3 13 6 
9 2 7 19 11 14 8 1 6 17 3 15 0 
9 2 7 19 11 14 8 1 6 17 3 15 0 
7 15 11 19 6 17 0 
9 2 7 19 11 14 8 1 6 17 3 15 0 
9 2 7 19 11 14 8 1 6 17 3 15 0 
18 12 0 11 5 2 10 8 19 14 6 
14 15 1 5 10 11 7 8 17 13 16 4 
9 2 7 19 11 14 8 1 6 17 3 15 0 
13 10 12 19 16 14 
10 7 8 11 17 18 19 14 9 15 4 2 5 12 1 16 0 3 13 6 
9 2 7 19 11 14 8 1 6 17 3 15 0 
7 11 10 17 9 5 16 18 0 13 15 1 3 12 4 19 14 2 8 6 
9 2 7 19 11 14 8 1 6 17 3 15 0 
9 2 7 19 11 14 8 1 6 17 3 15 0 
9 2 7 19 11 14 8 1 6 17 3 15 0 
7 11 10 17 9 5 16 18 0 13 15 1 3 12 4 19 14 2 8 6 
9 2 7 19 11 14 8 1 6 17 3 15 0 
17 18 0 7 10 12 16 3 11 13 9 
9 2 7 19 11 14 8 1 6 17 3 15 0 
17 15 10 5 8 2 6 1 
9 2 7 19 11 14 8 1 6 17 3 15 0 
17 15 10 5 8 2 6 1 
10 7 8 11 17 18 19 14 9 15 4 2 5 12 1 16 0 3 13 6 
17 18 7 19 0 9 10 5 11 14 
9 2 7 19 11 14 8 1 6 17 3 15 0 
9 2 7 19 11 14 8 1 6 17 3 15 0 
17 15 10 5 8 2 6 1 
17 15 10 5 8 2 6 1 
10 7 8 11 17 18 19 14 9 15 4 2 5 12 1 16 0 3 13 6 
17 15 10 5 8 2 6 1 
9 2 7 19 11 14 8 1 6 17 3 15 0 
18 12 0 11 5 10 19 8 14 2 6 16 
9 2 7 19 11 14 8 1 6 17 3 15 0 
9 2 7 19 11 14 8 1 6 17 3 15 0 
9 2 7 19 11 14 8 1 6 17 3 15 0 
9 2 7 19 11 14 8 1 6 17 3 15 0 
9 2 7 19 11 14 8 1 6 17 3 15 0 
9 2 7 19 11 14 8 1 6 17 3 15 0 
9 2 7 19 11 14 8 1 6 17 3 15 0 
17 10 16 3 14 11 7 15 5 6 18 12 2 
9 2 7 19 11 14 8 1 6 17 3 15 0 
9 2 7 19 11 14 8 1 6 17 3 15 0 
17 18 0 7 10 12 16 3 11 13 9 
9 2 7 19 11 14 8 1 6 17 3 15 0 
10 16 14 5 15 6 18 12 7 
9 2 7 19 11 14 8 1 6 17 3 15 0 
9 2 7 19 11 14 8 1 6 17 3 15 0 
9 2 7 19 11 14 8 1 6 17 3 15 0 
11 18 4 6 15 8 7 9 5 10 17 16 12 3 19 14 1 2 0 13 
9 2 7 19 11 14 8 1 6 17 3 15 0 
11 18 4 6 15 8 7 9 5 10 17 16 12 3 19 14 1 2 0 13 
9 2 7 19 11 14 8 1 6 17 3 15 0 
17 18 0 7 10 12 16 11 13 3 9 15 
10 7 8 11 17 18 19 14 9 15 4 2 5 12 1 16 0 3 13 6 
9 2 7 19 11 14 8 1 6 17 3 15 0 
9 2 7 19 11 14 8 1 6 17 3 15 0 
9 2 7 19 11 14 8 1 6 17 3 15 0 
9 2 7 19 11 14 8 1 6 17 3 15 0 
9 2 7 19 11 14 8 1 6 17 3 15 0 
13 10 12 19 16 14 
13 10 12 19 16 14 
18 12 0 11 5 2 10 8 19 14 6 
